100
0 24.643564 28.187851 -0.231554 5.995530 0.259461
1 11.976570 68.284052 1.697277 1.057946 0.564385
2 67.498809 65.152904 -2.213837 -3.331505 0.009485
3 52.624141 15.598082 -1.262219 1.551387 0.130572
4 1.991794 26.062428 -1.698858 -7.817537 0.479487
5 38.000472 4.857624 -4.048061 4.428680 0.623942
6 44.647994 56.226848 -6.984211 3.901384 0.066529
7 42.650745 46.762851 -3.786859 1.288294 0.449457
8 10.624812 13.451058 -1.293165 -5.858987 0.831240
9 1.520066 62.645310 1.862788 -0.728026 0.451323
10 0.881553 71.994633 2.036170 -5.643936 0.971361
11 60.205826 35.206437 -1.240376 -1.568906 0.889584
12 39.836214 24.442749 5.407258 -5.895893 0.946551
13 11.819438 69.023773 1.629164 -3.653194 0.541626
14 78.704086 0.667363 -3.372725 -2.150518 0.325855
15 39.066182 62.990237 1.985836 0.237601 0.412952
16 60.787266 45.425241 2.273421 5.552617 0.593531
17 2.568041 75.788036 4.033772 4.441698 0.203409
18 68.488808 59.491192 -7.987640 -0.444537 0.950967
19 50.390825 15.403263 3.875431 -0.990472 0.699340
20 58.454832 64.316271 1.299517 5.857581 0.757404
21 16.268737 37.457010 2.014354 -5.651759 0.503461
22 46.397958 46.054831 -0.131929 3.997824 0.199060
23 38.100754 70.926458 -1.655438 1.122286 0.089477
24 63.295485 2.625614 -3.572581 4.820443 0.075896
25 10.160611 69.168218 -5.358667 -2.699015 0.393310
26 4.071205 61.587274 -1.306116 -3.780749 0.124612
27 58.543809 51.012506 1.906470 0.604460 0.825986
28 19.033443 37.852864 -7.924292 -1.097996 0.884674
29 47.894414 40.380695 -2.917544 2.736410 0.250571
30 62.449041 53.379037 5.660145 -1.990669 0.618866
31 10.730907 73.343814 -1.158990 7.915601 0.340189
32 24.514030 32.378524 7.982411 -0.530206 0.365572
33 33.092268 5.459436 0.396898 7.990148 0.308632
34 36.952624 74.048358 -7.806506 1.748847 0.260762
35 0.236172 38.633332 -0.123242 -1.996199 0.063230
36 38.150819 26.555934 7.485979 2.821369 0.157819
37 64.483825 37.997816 2.162428 -3.365101 0.027616
38 40.677906 10.103326 -6.264795 -4.975173 0.973268
39 6.705408 62.879883 -0.943938 1.763230 0.674309
40 67.094437 37.733687 -0.406700 1.958212 0.672785
41 78.134598 1.567533 3.988580 -0.302045 0.139033
42 58.646842 11.325912 -1.992171 -0.176785 0.872800
43 48.565712 9.862083 0.433979 7.988220 0.547594
44 76.082669 6.025594 0.788173 -1.838147 0.934661
45 15.631946 74.548122 1.889691 -3.525488 0.305419
46 48.033987 61.023664 -2.426665 -3.179827 0.491810
47 59.309175 30.446649 -2.898880 2.756174 0.279817
48 13.029253 8.900921 4.863611 3.513587 0.131079
49 18.517242 31.423919 1.997943 -0.090694 0.821206
50 2.584118 8.070153 4.999321 6.245541 0.089141
51 28.544801 31.825647 2.012939 -3.456599 0.344029
52 16.147393 60.084715 4.991506 6.251789 0.082438
53 41.135842 43.127105 -1.972386 -0.331203 0.568426
54 48.062443 6.706879 0.814999 3.916092 0.549215
55 17.464038 9.593384 -2.001309 -5.656391 0.780266
56 19.532978 75.791143 -3.999933 0.023163 0.592018
57 22.555443 78.200936 -0.780038 1.841614 0.741230
58 56.982604 72.134449 -2.755176 -7.510593 0.673361
59 37.143098 74.150406 -4.816131 3.578391 0.734538
60 17.909841 50.083393 4.153737 -4.329720 0.175388
61 12.529607 79.468220 5.238816 -6.046057 0.150128
62 7.544443 76.352034 -7.843174 -1.576270 0.547204
63 69.719225 56.612202 -5.996491 5.295479 0.216622
64 60.656681 8.738923 -4.708126 6.467886 0.128751
65 3.832891 70.696496 -0.279880 7.995103 0.495072
66 69.774499 71.199055 -1.019032 3.868019 0.135367
67 59.869817 27.006746 -1.040570 7.932037 0.225458
68 20.117937 21.344627 1.711189 -5.750811 0.827375
69 44.772547 58.343689 -1.684317 1.078461 0.558341
70 70.202412 53.186648 5.698640 1.877633 0.211789
71 3.725545 7.526790 -2.051913 -5.638231 0.559894
72 2.022898 11.943784 -2.989652 -7.420376 0.438055
73 69.216379 77.889903 6.926785 4.002455 0.674179
74 1.207373 7.543610 -0.721762 -3.934344 0.886287
75 72.915961 47.315680 -3.243304 5.047869 0.272489
76 36.194353 41.214513 -1.481316 -3.715603 0.819777
77 48.702867 17.751879 -1.167381 -1.623953 0.195505
78 57.395583 12.511167 3.560286 -4.829530 0.776161
79 6.830729 60.323520 2.081920 -5.627221 0.137826
80 74.580477 16.149438 1.681087 1.083488 0.748388
81 26.420113 77.767497 -1.055590 -1.698744 0.633227
82 55.594694 3.266571 -0.464277 -1.945365 0.460937
83 33.362182 34.666878 5.928239 0.925193 0.621530
84 1.555826 5.081348 1.783871 3.580196 0.877018
85 8.456146 74.813257 5.193851 -3.003983 0.598880
86 56.739567 2.469975 -2.932429 -2.720452 0.697543
87 2.737367 39.176933 1.365442 1.461358 0.355345
88 10.884303 46.549783 -5.891764 -1.134510 0.585638
89 59.113224 22.576689 -3.925273 -6.970813 0.231177
90 74.928011 4.582492 -3.780737 -7.050250 0.849726
91 26.856872 29.873931 -3.944397 -4.521253 0.223987
92 64.291147 0.907588 -7.247191 -3.387952 0.904231
93 55.369016 34.711204 3.834810 1.137644 0.881205
94 22.016573 11.753297 -6.402108 -4.797188 0.805457
95 30.149037 63.196127 -4.068029 6.888479 0.474137
96 47.258716 11.694085 5.412955 -5.890664 0.501854
97 73.835135 16.533411 -2.290354 7.665134 0.569877
98 33.378830 30.494605 -0.082425 7.999575 0.327707
99 53.290082 55.425912 7.955605 0.841635 0.129009
5
1
3
12
48
56
0 10.000000 10.000000 0
16
4 14 78.704086 0.667363 -3.372725 -2.150518 0.325855
4 17 2.568041 75.788036 4.033772 4.441698 0.203409
4 29 47.894414 40.380695 -4.844797 3.539483 0.250571
4 31 10.730907 73.343814 -1.158990 7.915601 0.340189
4 41 78.134598 1.567533 3.988580 -0.302045 0.139033
4 42 58.646842 11.325912 -0.106168 -3.998591 0.872800
4 49 18.517242 31.423919 -1.561324 -1.249907 0.821206
4 57 22.555443 78.200936 -0.780038 1.841614 0.741230
4 62 7.544443 76.352034 -7.843174 -1.576270 0.547204
4 72 2.022898 11.943784 -2.989652 -7.420376 0.438055
4 73 69.216379 77.889903 6.926785 4.002455 0.674179
4 83 33.362182 34.666878 -1.586878 1.217299 0.621530
4 86 56.739567 2.469975 -2.932429 -2.720452 0.697543
4 90 74.928011 4.582492 -3.780737 -7.050250 0.849726
4 92 64.291147 0.907588 -7.247191 -3.387952 0.904231
4 98 33.378830 30.494605 1.778165 7.799880 0.327707
1
3
12
48
56
0 10.000000 10.000000 0
18
4 2 65.284972 61.821399 1.438860 -7.869541 0.009485
4 4 0.292936 18.244891 -1.698858 -7.817537 0.479487
4 6 37.663783 60.128232 -0.165293 -7.998292 0.066529
4 25 4.801944 66.469202 -5.358667 -2.699015 0.393310
4 28 11.109151 36.754868 -7.652778 2.331307 0.884674
4 35 0.112930 36.637132 -0.123242 -1.996199 0.063230
4 45 17.521637 71.022634 -0.112762 3.998410 0.305419
4 55 15.462729 3.936993 -2.001309 -5.656391 0.780266
4 59 32.326967 77.728797 -4.816131 3.578391 0.734538
4 63 63.722734 61.907681 -1.026758 -1.716324 0.216622
4 65 3.553011 78.691599 -0.279880 7.995103 0.495072
4 70 75.901052 55.064282 5.698640 1.877633 0.211789
4 71 1.673632 1.888559 -2.051913 -5.638231 0.559894
4 74 0.485611 3.609266 -0.721762 -3.934344 0.886287
4 80 76.261564 17.232926 -3.998195 -0.120145 0.748388
4 82 55.130417 1.321206 -0.464277 -1.945365 0.460937
4 88 4.992538 45.415273 -5.891764 -1.134510 0.585638
4 96 52.671671 5.803422 5.412955 -5.890664 0.501854
1
3
12
48
56
0 10.000000 10.000000 0
10
4 8 8.038482 1.733085 -1.293165 -5.858987 0.831240
4 20 61.053866 76.031434 1.299517 5.857581 0.757404
4 22 46.134100 54.050478 1.561972 3.682424 0.199060
4 27 62.356749 52.221426 -0.742962 -3.930395 0.825986
4 38 28.148316 0.152980 -6.264795 -4.975173 0.973268
4 40 66.281037 41.650111 1.788042 3.578115 0.672785
4 66 67.736436 78.935094 -1.019032 3.868019 0.135367
4 78 64.516155 2.852107 3.560286 -4.829530 0.776161
4 94 9.212356 2.158922 -6.402108 -4.797188 0.805457
4 95 22.012978 76.973084 -4.068029 6.888479 0.474137
1
3
12
48
56
0 10.000000 10.000000 0
12
4 13 16.706929 58.064191 -7.241674 -3.399729 0.541626
4 18 44.525889 58.157580 1.674919 -1.092999 0.950967
4 26 0.152858 50.245028 -1.306116 -3.780749 0.124612
4 30 79.429475 47.407031 5.660145 -1.990669 0.618866
4 34 13.533106 79.294900 -7.806506 1.748847 0.260762
4 44 78.447188 0.511154 0.788173 -1.838147 0.934661
4 52 31.121910 78.840083 4.991506 6.251789 0.082438
4 68 25.251504 4.092193 1.711189 -5.750811 0.827375
4 84 6.907441 15.821936 2.170417 -3.359954 0.877018
4 89 47.337406 1.664249 -3.925273 -6.970813 0.231177
4 91 15.023681 16.310171 -7.779531 1.865179 0.223987
4 99 77.156897 57.950816 7.955605 0.841635 0.129009
1
3
12
48
56
0 10.000000 10.000000 0
3
4 12 61.465247 0.859176 5.407258 -5.895893 0.946551
4 48 32.483695 22.955268 6.301821 4.928190 0.131079
4 56 3.533246 75.883794 -3.999933 0.023163 0.592018
