10
0 86.577767 75.800225 4.236016 2.958044 0.670896
1 62.028003 46.188691 6.753175 1.683418 0.002067
2 7.00 72.00 8.00 6.00 0.365910
3 7.00 72.00 8.00 6.00 0.365910
4 85.389665 6.571671 1.652288 5.637923 0.163184
5 22.550536 93.691846 6.125877 3.314047 0.572790
6 6.315244 76.889517 6.146813 6.165895 0.802794
7 57.552136 62.746131 7.932745 5.432874 0.174876
8 50.00 80.00 1.00 5.00 0.170713
9 52.893983 88.327459 0.330330 8.807332 0.589318
3
1
3
2
9
6
0 4.5 3.2 1
1
3 10 49.00 85.00 1.00 5.00 0.170713
1
3
2
9
6
0 4.5 3.2 1
2
3 11 50.00 86.00 1.00 5.00 0.170713
3 12 50.00 87.00 1.00 5.00 0.170713
1
0
0 10.0 10.0 -1
0
