1000
0 1412.778598 606.107118 8.147641 3.823080 0.374971
1 446.530307 662.599020 -24.205093 11.963004 0.582528
2 1503.215902 1131.082345 9.303892 25.346353 0.629529
3 108.424662 1737.643216 8.562705 15.832880 0.255549
4 1780.195428 1865.275734 -13.712882 11.660054 0.317548
5 1421.880494 1611.981931 -8.944983 -0.993615 0.348383
6 1598.259812 689.191304 -13.144348 3.078332 0.630635
7 1736.121786 1299.691932 32.371371 -24.338125 0.499625
8 369.673040 401.270215 -3.842650 -12.941562 0.448205
9 1407.900218 1807.415563 -11.371525 29.375814 0.107070
10 1851.364317 1204.760663 -11.962150 -13.450166 0.726852
11 1470.371807 1651.386412 -25.205762 18.892315 0.968376
12 451.090557 1058.343190 1.937119 40.453647 0.767674
13 1962.815322 1718.895118 9.647326 20.326807 0.249381
14 861.015196 84.155403 20.433736 -34.967305 0.379783
15 1731.857429 1142.425962 4.378190 -1.039930 0.608432
16 787.499858 1553.443240 -8.853676 20.684835 0.089511
17 1526.475466 1718.157002 2.416874 -13.281894 0.406085
18 1353.384584 1425.732923 -12.597594 -18.642709 0.468985
19 1433.235502 371.646350 13.542302 -17.968196 0.017301
20 754.593451 1271.828006 -13.674555 28.377043 0.720806
21 1877.792548 1848.089211 -6.010220 21.682418 0.802947
22 1044.573989 1807.403922 3.961925 -8.081037 0.552119
23 663.822847 246.377735 -30.836162 18.577705 0.678023
24 705.210259 70.081242 -25.230584 31.680714 0.468551
25 950.794942 1605.260124 24.264838 -20.086504 0.321183
26 764.726825 498.408214 -2.141404 -3.957826 0.939596
27 1930.501506 1890.085402 -30.543326 33.047015 0.815752
28 660.496835 1028.418396 -21.384063 -6.997989 0.801485
29 1416.672835 60.064293 7.416172 25.961517 0.472231
30 1124.642986 1613.427031 5.968822 -21.693851 0.977743
31 789.488238 106.746899 26.341053 5.928654 0.759339
32 292.167355 1172.883811 -31.417754 -2.274803 0.516578
33 1354.253062 1801.376625 1.822383 17.907510 0.562543
34 1309.757590 1592.393520 11.465437 43.514868 0.499793
35 592.162385 1400.862120 19.631857 -18.536186 0.169461
36 887.786531 1716.237408 -7.814789 -25.844324 0.893464
37 801.925319 576.767928 14.628095 17.095872 0.297521
38 402.783296 937.981000 -19.831115 -10.629059 0.907642
39 405.013566 1633.853989 -8.341365 3.379590 0.985105
40 845.309465 366.372036 -23.897525 38.130150 0.374492
41 309.698017 1288.846883 30.983088 -18.331619 0.476256
42 182.832938 1195.130518 -11.958832 6.263892 0.970792
43 1762.396307 1712.321086 -22.494468 -0.498887 0.449962
44 182.672627 420.352893 -23.574128 13.162844 0.560593
45 597.508272 1493.697105 15.058130 -42.405810 0.660779
46 1177.300710 952.733696 -21.681770 39.432231 0.441451
47 1346.463310 948.490923 -11.972752 -33.950747 0.308690
48 1239.326890 59.745394 3.872356 -2.292348 0.742206
49 775.086873 309.834313 7.220032 30.661395 0.445578
50 1402.874538 169.640523 -7.243158 -16.478370 0.305799
51 208.213428 610.122869 18.117140 25.768571 0.254161
52 734.999513 1653.218793 8.787288 15.709346 0.641990
53 892.196846 1590.941217 13.555245 -23.350703 0.189374
54 521.969950 343.861294 -16.000888 -32.248590 0.753414
55 1850.826510 1183.862057 -38.890261 -11.304761 0.398051
56 974.670282 1803.752655 19.252395 35.631380 0.723714
57 161.458651 835.093938 -5.893388 6.802057 0.660580
58 690.735250 1810.846035 -25.570501 -8.668881 0.048444
59 1673.714517 1138.178663 -21.450680 -6.791047 0.728205
60 1960.829836 342.944685 -11.961376 13.450854 0.945718
61 869.533550 942.129276 -13.472976 -0.853765 0.405977
62 1919.960074 1515.874306 26.879612 -2.546856 0.711763
63 97.308529 447.110580 -18.450256 -30.912587 0.228348
64 586.123744 284.460740 9.740794 -9.347028 0.449602
65 1866.448761 743.214457 -4.484236 0.376337 0.299076
66 1900.386513 188.001043 34.040754 -21.942586 0.911937
67 685.508539 1002.104084 29.919968 -27.295521 0.659688
68 978.539421 1555.200003 22.148420 -22.398605 0.169008
69 449.939671 1562.172525 5.864176 30.949337 0.304957
70 226.829034 1124.956984 -12.809698 -4.261646 0.007666
71 806.910341 804.724723 -13.114335 3.203784 0.338488
72 1612.733850 1586.789769 4.238184 1.512546 0.846264
73 1708.209313 128.793793 -28.709757 -21.719803 0.032864
74 389.156460 408.290098 -19.316517 -35.596660 0.972939
75 1481.977378 1324.100909 4.499145 -0.087721 0.740734
76 1034.126443 810.041761 -21.517461 -28.861720 0.179381
77 845.869047 1397.452379 -19.222786 11.693353 0.333777
78 1519.259272 931.750198 8.570586 -30.311632 0.241480
79 1331.338078 1446.933703 8.345779 25.677772 0.832953
80 387.804130 658.690333 28.438274 -34.874985 0.485737
81 1186.203208 276.145979 5.952669 -40.060151 0.809630
82 111.047839 878.082164 8.006108 4.111234 0.039954
83 925.963264 961.098999 -30.556229 7.652899 0.618476
84 1805.516756 642.828974 25.465637 -31.492083 0.677517
85 1559.542669 1082.314711 8.976667 0.647652 0.582872
86 1959.895673 765.970196 -6.140576 -35.472431 0.396488
87 1379.297262 812.856896 -3.792373 17.595963 0.888703
88 1673.345446 1355.598314 35.755212 -4.191039 0.790246
89 1358.408410 1560.717251 44.994137 -0.726415 0.292745
90 1455.134598 1109.065518 12.469381 5.173447 0.418084
91 933.168240 975.056777 8.998392 0.170117 0.790622
92 1781.999029 197.602551 -17.129540 5.529817 0.933154
93 243.064378 1748.624670 2.107933 -13.334415 0.590210
94 82.390680 1833.960174 -5.829053 -17.030036 0.574074
95 795.460304 1552.091535 13.773789 42.840200 0.902747
96 195.356801 250.132637 -1.333133 4.297995 0.750818
97 469.948697 196.096868 -14.133276 -17.507156 0.024482
98 1043.088546 945.762344 33.512141 30.032256 0.410331
99 1971.181408 1978.629571 -40.260330 -4.399530 0.609287
100 782.643593 1358.225920 1.130184 -17.964484 0.037253
101 830.293061 764.701982 15.919386 21.807639 0.082251
102 497.663407 78.522852 -13.491679 -0.473908 0.418969
103 527.825393 1944.891891 25.335649 -37.190118 0.810192
104 1660.165115 666.392696 3.828938 -8.144890 0.810869
105 1992.414337 141.039374 29.000279 12.297716 0.512357
106 346.291584 1527.049765 -27.207548 -29.999988 0.248768
107 1258.310569 990.279476 4.157397 -1.722222 0.168917
108 1191.961637 854.257537 -30.545288 19.052175 0.066280
109 1645.288512 948.059540 -10.868621 43.667758 0.867297
110 1568.596443 1185.540250 35.758618 4.161880 0.849614
111 858.201575 564.464891 -25.333950 9.337610 0.048166
112 204.259392 477.179160 -10.836966 -19.718270 0.531347
113 1734.697778 547.175247 16.248660 37.097588 0.713466
114 94.106611 6.301277 -9.231167 -15.452688 0.252158
115 1188.208690 1733.544120 22.171262 15.408930 0.030557
116 534.125182 621.115676 -14.120952 -17.517098 0.691146
117 683.943012 698.436666 17.785958 -13.780773 0.199441
118 450.636889 365.110698 5.436913 -12.356778 0.819285
119 113.924863 530.639208 -3.262004 -22.262285 0.262572
120 1326.255301 926.894194 -10.724809 19.779496 0.759766
121 1188.631272 907.832095 30.056512 -19.814289 0.175622
122 1566.861423 283.720631 12.022799 -29.115328 0.889659
123 498.067548 1424.299467 4.356288 1.128163 0.114739
124 672.528524 1362.669391 4.070995 35.769079 0.533227
125 1281.707182 44.243408 -0.776376 -4.432521 0.775337
126 1884.779794 1403.567069 -11.169586 -7.582239 0.864054
127 637.779456 532.340464 3.240549 13.105298 0.319332
128 1429.143257 174.900046 26.233960 6.385873 0.106292
129 396.299565 1548.581268 2.158318 22.396242 0.689461
130 151.022128 413.835022 4.433987 31.186371 0.360162
131 1268.475261 727.020789 -34.509518 10.251496 0.187000
132 1347.382169 1048.895931 5.447115 -7.164422 0.293847
133 759.538422 912.216627 -8.585884 20.797418 0.988383
134 875.527863 1566.835057 -13.141799 3.089195 0.135911
135 1633.006580 1926.226199 -1.919519 -4.070067 0.764439
136 1063.578552 1130.309542 -24.779964 10.721632 0.531608
137 1022.439758 1301.021307 8.952765 0.920864 0.816160
138 1916.606456 433.330791 -35.572773 5.529721 0.539814
139 29.379972 317.298943 -14.406547 -22.835311 0.550824
140 1234.331605 1442.935575 -11.559082 -13.798102 0.953057
141 1919.321000 745.798066 27.796323 14.819394 0.668977
142 869.668743 1532.212500 39.755003 7.732380 0.092483
143 158.985239 1178.316752 18.344194 19.811374 0.522343
144 1010.351857 999.981326 -22.499571 0.138957 0.755527
145 1218.913661 1926.250212 30.340015 -8.469563 0.208928
146 1381.669305 1837.877862 13.499905 0.050672 0.791603
147 781.885668 1487.387696 -32.075061 24.727322 0.268594
148 1848.526625 156.768108 17.985340 0.726316 0.990964
149 1177.920885 1084.709621 9.159281 -39.450698 0.160577
150 1799.327238 1346.935257 14.172788 -22.981124 0.910403
151 222.379823 1234.422168 7.874632 -44.305645 0.432137
152 1528.590294 688.805810 35.578014 5.495899 0.948306
153 794.910139 1898.765448 -6.812429 -16.661057 0.553115
154 1587.853344 435.514849 -29.903422 9.901282 0.801947
155 1740.105817 1305.268768 -12.369141 -5.408730 0.125124
156 1485.053961 1804.711939 26.559820 4.855507 0.886210
157 1496.847803 130.621789 -10.618995 -8.335882 0.314618
158 707.843571 74.169448 -17.925209 -1.639177 0.616363
159 1542.323839 812.827037 -2.505652 3.737875 0.250721
160 712.296150 1409.630330 6.134742 6.585206 0.156472
161 365.151304 982.528301 -8.921657 -20.655605 0.891972
162 89.461200 232.940502 -2.008849 44.955139 0.617858
163 1437.992088 1396.252737 29.537841 27.708590 0.103011
164 1248.277169 258.898107 -42.827845 13.812156 0.123898
165 1041.858268 288.485509 42.181224 15.676236 0.885848
166 1495.903384 697.657558 15.717574 16.099934 0.957811
167 121.120397 293.419330 -1.616705 4.199555 0.646480
168 1759.174274 797.499904 -35.986410 0.989073 0.815232
169 198.147284 593.271720 -35.383744 6.632548 0.313435
170 1237.325362 1776.326463 -44.818687 4.035508 0.592393
171 710.578731 1317.637902 31.175665 4.508647 0.733032
172 574.164994 1360.464321 1.189628 -8.921030 0.112832
173 1439.667185 1277.136943 -3.585991 31.295218 0.449137
174 225.933595 1492.811444 -14.096575 17.536721 0.045676
175 1919.696366 1070.087740 16.340795 7.548405 0.195047
176 493.533215 838.764897 8.526497 2.880773 0.776200
177 1210.468415 485.623379 -4.001536 -2.058569 0.256907
178 940.764626 1058.200178 19.440555 -30.299585 0.576140
179 483.895670 1180.123432 5.427823 31.028837 0.700674
180 1557.161049 1017.119137 -2.562613 -3.699056 0.061165
181 838.014014 1756.613379 -17.725631 20.366688 0.567539
182 1292.748744 1126.494484 40.477937 1.336649 0.710204
183 328.278449 1678.784810 19.012301 12.032556 0.030857
184 411.311364 1692.925626 27.281692 -15.746722 0.222088
185 681.479839 604.480874 26.849715 -2.844785 0.862243
186 339.359471 535.594427 3.816086 8.150919 0.419605
187 852.606764 56.879285 7.177057 -11.434153 0.829454
188 1836.330700 657.198526 4.487241 0.338623 0.033265
189 1543.214141 1207.057468 -3.427224 2.916185 0.414186
190 1373.361837 1488.534018 -25.360289 -25.551042 0.933143
191 1431.659483 1486.790589 40.494621 0.660033 0.721174
192 757.554356 604.527035 8.555669 34.968565 0.133366
193 817.781225 1100.619541 -22.497841 -0.311684 0.454026
194 720.934585 1934.334657 -3.208127 3.155617 0.536099
195 885.297130 1195.012527 -3.335719 35.845125 0.069676
196 26.758258 1706.309527 -12.754403 -38.439240 0.797539
197 1063.070267 384.462639 -29.793120 -20.208166 0.041430
198 174.051541 751.874477 0.153091 8.998698 0.679589
199 1710.612003 107.733876 13.109370 3.224038 0.744169
200 1693.486799 134.983092 -18.792182 12.373516 0.400296
201 1224.700924 1361.209188 43.927851 -9.764421 0.805220
202 1501.543899 933.817712 18.149576 -13.298229 0.428777
203 1936.465470 1913.087465 -4.310909 -44.793036 0.617693
204 1282.323213 946.914793 3.024248 -40.386928 0.567115
205 1591.838404 315.293432 12.967726 23.682020 0.975491
206 1912.463174 1136.807020 -31.705670 -31.933532 0.840237
207 1393.518641 1995.266821 -19.412843 -11.375039 0.533406
208 366.464513 548.637511 -17.118534 5.563794 0.702233
209 364.857557 1465.070831 -26.101783 -36.656472 0.069657
210 112.938704 420.805245 -3.459320 -2.878038 0.796769
211 34.457141 1919.820430 -8.169917 3.775242 0.994455
212 917.679054 1524.563350 -22.252516 3.327995 0.965819
213 1275.811861 99.856135 -2.510044 17.824132 0.900935
214 824.862271 452.496720 17.417577 14.243526 0.027401
215 452.082183 1469.867594 28.942269 12.433625 0.443458
216 25.269063 532.008075 -19.343596 24.861120 0.247160
217 1552.755747 1676.265248 21.692611 -5.973328 0.379987
218 190.232758 31.933977 20.408134 9.474074 0.314175
219 1807.403629 1264.244953 -36.198364 -18.163933 0.304526
220 1988.085722 137.194742 18.340883 -13.033112 0.486645
221 1418.269678 1968.542696 -19.380122 -18.799226 0.481827
222 646.499658 1235.466099 20.717901 -29.440934 0.838771
223 1008.153040 459.944683 -8.292252 3.498365 0.312354
224 1791.647961 359.293664 -10.309080 -8.716242 0.386082
225 392.130756 1718.738310 19.825962 -10.638666 0.967837
226 447.197610 1134.017754 9.497774 -34.724520 0.394918
227 1241.712644 253.447749 18.149935 13.297739 0.865633
228 186.913274 1246.226532 9.250167 -9.832823 0.105202
229 1705.429564 446.488905 1.689723 13.393836 0.667500
230 1355.433596 1593.558276 9.760320 20.272793 0.885669
231 1402.874703 1891.645335 12.778829 -28.791518 0.200524
232 1018.995743 1544.169240 11.774749 24.297228 0.567883
233 919.463874 1347.814169 -31.949864 -31.689212 0.496769
234 1079.426987 404.334035 19.134408 19.049263 0.679157
235 1306.473110 1747.011427 28.113627 -35.137216 0.681566
236 1463.915099 1296.387651 -17.577240 -3.878226 0.008241
237 200.267230 310.927653 14.225800 22.948347 0.399374
238 565.521617 972.067488 -13.369684 18.097004 0.981534
239 1238.049590 726.466794 18.737966 -35.904577 0.337533
240 1437.257083 732.186035 13.405766 -12.011888 0.827536
241 1413.954635 1456.385376 35.723291 19.081313 0.585366
242 1708.793336 760.146207 -13.283958 -28.561976 0.014273
243 1309.340436 631.709158 3.134494 -3.228769 0.566966
244 1654.890536 507.964381 -4.484510 0.373057 0.518527
245 1153.701475 1487.405676 -5.607893 12.280128 0.494456
246 1242.246010 254.305136 19.953692 10.397124 0.864271
247 50.348535 1361.511986 -11.085115 -7.705207 0.814964
248 1437.905421 1289.627717 4.400257 -0.942197 0.844922
249 72.301636 43.313510 -3.382434 35.840747 0.966998
250 1528.298965 888.377918 3.656844 -8.223594 0.630482
251 608.308687 2.853529 -1.868714 13.370038 0.595136
252 1113.478947 299.660619 -4.933037 26.545530 0.217810
253 673.215367 23.811770 -12.487657 12.963735 0.313725
254 1094.612630 1055.412238 -6.348618 -21.585760 0.266927
255 1888.964609 448.259236 -30.160596 -9.087820 0.623528
256 628.626930 552.449076 15.254598 16.539264 0.300329
257 296.687093 391.292402 -12.755684 4.420692 0.910097
258 963.161590 690.363715 -0.775031 -4.432756 0.332151
259 19.816510 1791.115203 8.031835 25.777696 0.581713
260 1886.746188 657.212346 -3.096215 -26.821884 0.308553
261 194.302561 44.685632 3.732339 2.513890 0.640256
262 522.271355 246.818951 -3.628212 -13.003310 0.613941
263 1837.033632 187.311492 2.176558 -8.732846 0.011474
264 315.857346 878.783129 4.470791 22.051350 0.642078
265 1273.468781 149.433173 -23.431742 33.033369 0.893611
266 1902.805036 1182.817165 -26.999280 0.197191 0.575950
267 1834.514298 305.800941 15.729725 -8.750757 0.387258
268 154.598442 727.206490 35.307431 27.899557 0.523343
269 1337.532748 435.007031 2.670354 22.340976 0.712991
270 166.771192 1550.252134 10.287385 39.171670 0.831264
271 1842.205999 473.824755 -0.703167 -4.444722 0.635715
272 24.224909 170.293008 39.472166 -21.608982 0.110903
273 945.897204 1274.204392 -25.794196 7.978688 0.997998
274 1740.286795 1361.071773 4.224897 31.215385 0.646146
275 39.072093 1122.511530 16.394448 -32.050306 0.863547
276 543.523831 1851.998647 -17.234143 26.367296 0.182797
277 174.148191 1509.580404 17.258556 -41.558901 0.136366
278 1974.324311 731.206123 27.387258 -23.365318 0.110913
279 413.932257 303.611068 -9.907481 -9.170159 0.435100
280 990.034690 585.893253 -6.002744 21.684489 0.722896
281 1238.868015 1179.135448 -13.958533 11.364830 0.792613
282 984.510020 1404.036882 35.257781 -7.272476 0.729833
283 1808.199236 548.608316 13.491569 -0.477031 0.275830
284 599.797834 1104.828611 2.769000 22.328964 0.076335
285 786.428416 1457.777349 3.747531 2.491187 0.562414
286 730.954317 517.187037 5.077094 21.919697 0.499496
287 1059.357067 1409.121429 -8.059019 -10.830615 0.775787
288 1856.040257 1017.838791 -6.982331 -11.554093 0.720988
289 573.733253 660.128773 43.074086 13.023942 0.498396
290 1434.498924 196.582100 -13.881521 -28.276375 0.743464
291 1217.620361 1893.071090 43.938110 -9.718153 0.802126
292 1067.590886 542.256319 6.092564 12.047019 0.047606
293 86.584934 981.761586 -3.014363 22.297166 0.046835
294 702.560825 707.252542 -9.921936 9.154518 0.995353
295 279.351368 987.395255 -33.903613 -22.153894 0.724439
296 1919.651732 1735.764192 -21.693852 -5.968819 0.342511
297 123.456217 1484.512349 -1.425904 8.886326 0.916319
298 1656.542376 381.230370 -8.624052 -2.574050 0.941134
299 205.671195 259.380165 -43.259306 -12.394856 0.967382
300 1219.047127 1444.125260 26.392179 24.483727 0.442542
301 1630.019629 1855.684482 28.311786 28.960193 0.352868
302 1657.226717 873.238126 -9.923035 25.110424 0.840361
303 269.067792 1718.473254 12.530671 -18.687758 0.684371
304 1638.046618 25.161470 11.342840 -13.976408 0.283139
305 331.030369 138.511102 17.960019 1.199056 0.218919
306 140.398087 1439.597896 -3.799937 2.410494 0.342697
307 588.428347 1663.333762 -3.586019 31.295215 0.572105
308 1883.693823 557.141479 23.067569 -27.638511 0.024152
309 1218.380897 139.374936 -2.737342 17.790642 0.733816
310 1032.502871 1476.545533 -13.154922 33.510417 0.497451
311 751.854990 1130.131725 -1.757421 4.142641 0.627312
312 617.261185 1606.823628 14.208829 -11.050302 0.857982
313 1987.876718 414.454527 2.992793 -40.389271 0.943554
314 650.139849 1113.895863 26.840227 -30.329065 0.264693
315 980.322256 895.135840 35.779298 -3.980181 0.565467
316 152.557107 364.604149 4.389945 -0.989134 0.439396
317 1916.264837 1699.159126 42.204630 15.613109 0.265591
318 461.759365 830.589998 -35.999857 0.101501 0.010579
319 423.938183 287.095002 17.158797 -14.554233 0.035539
320 460.007996 131.800522 -14.145383 -42.718944 0.260862
321 636.514342 1123.222227 -1.383122 -4.282169 0.977466
322 1300.803770 102.184220 0.229057 31.499167 0.978521
323 554.526145 999.934006 5.189862 -26.496515 0.713663
324 1569.579102 493.554695 22.176153 22.371148 0.287570
325 1566.023081 1536.484067 1.529292 4.232170 0.700833
326 33.831698 1572.243489 4.065490 -1.929195 0.602094
327 797.187096 1369.303324 -10.831229 8.058194 0.163309
328 1024.984652 583.702161 27.609216 -15.165130 0.583153
329 707.966149 1946.246191 29.410045 34.059496 0.261939
330 922.126789 1830.027829 21.161583 7.644437 0.132537
331 1171.840686 1148.701981 -22.036193 -4.544910 0.884965
332 1838.320537 874.881717 -25.094822 -9.962425 0.041198
333 1466.694372 1125.433745 -43.533906 -11.392936 0.148499
334 262.839114 114.406123 -9.436544 9.654099 0.487489
335 1236.435710 434.066093 30.027016 -19.858961 0.869821
336 1017.091552 666.426822 0.252811 31.498985 0.037171
337 119.299286 461.789786 -16.326793 15.481790 0.327576
338 192.000955 1424.502262 -1.581251 -35.965256 0.886696
339 1842.178536 501.392396 -3.318023 -17.691544 0.263822
340 1349.951309 982.516628 11.600125 6.905584 0.379336
341 1308.305434 1037.009469 -2.978499 13.167329 0.602727
342 341.826562 1336.979448 35.826165 3.533544 0.373705
343 1004.764387 773.292146 -30.667046 7.195992 0.692312
344 1841.852386 1976.965930 -2.117872 22.400103 0.871759
345 759.500702 1556.779877 24.738296 26.153713 0.915510
346 1371.181874 1760.679289 13.366931 -1.890808 0.247804
347 1529.980993 446.492968 -8.458738 15.888667 0.330798
348 992.649424 1184.892168 21.856360 -39.335729 0.251982
349 1196.672490 616.402192 9.193872 -9.885480 0.762548
350 1214.197868 1507.586956 8.021602 -10.858356 0.885745
351 980.443687 1037.789156 17.451761 36.547039 0.032007
352 1003.143335 270.489344 -39.644780 -8.278975 0.856700
353 809.490048 1852.200028 -4.871373 31.121050 0.888876
354 401.107225 961.391303 -8.238392 3.623382 0.418611
355 1847.135631 359.742303 -34.741155 9.436746 0.750721
356 1898.139521 1772.320305 -40.796275 -18.991155 0.965151
357 494.957748 1912.371896 18.052113 -41.220398 0.853249
358 107.431789 1129.374866 21.903474 22.638194 0.840624
359 1715.314375 141.115260 -32.744017 -14.960927 0.573572
360 1619.930676 1431.456951 -7.088697 -5.545301 0.488999
361 1458.021301 1974.541800 6.590714 -11.781871 0.624569
362 1231.857763 1529.624021 24.465238 -32.275410 0.731408
363 305.644665 1140.891714 40.640790 19.321652 0.590612
364 1151.205443 1999.800205 -3.191716 -17.714766 0.079286
365 178.037289 509.441075 -1.458325 -4.257145 0.624765
366 1346.573625 1755.758973 -3.502636 -2.825162 0.026445
367 681.848648 299.436544 43.919261 9.802984 0.118792
368 388.462516 792.856430 9.509936 -43.983646 0.176819
369 885.286663 866.972200 -21.506312 16.324171 0.831120
370 49.600622 480.143383 -9.887737 20.210954 0.835238
371 928.861022 50.049858 -29.541723 27.704451 0.528652
372 1813.327511 1938.818110 19.660145 10.942062 0.164831
373 1977.377524 1355.708422 -30.002356 9.597323 0.543533
374 1228.711783 23.516905 30.857180 -6.331227 0.504117
375 438.004173 1629.354881 -39.772270 -7.643071 0.542189
376 856.260479 1471.368150 12.431436 43.248808 0.907116
377 1375.962837 1866.259163 19.888899 35.280047 0.100664
378 683.255745 702.403203 6.268708 -16.873153 0.448086
379 631.762977 359.034941 -6.557952 6.163868 0.547573
380 48.487824 1314.520019 -3.342594 -22.250327 0.547995
381 36.928095 1256.235818 -38.585623 -12.304458 0.186177
382 616.978066 1587.393783 -25.225475 9.626807 0.740682
383 1658.123547 1025.138539 -8.115634 3.890563 0.215362
384 640.041945 252.083819 -3.412971 -13.061456 0.810202
385 1628.231684 705.478627 12.747394 4.444542 0.093469
386 1761.534783 1760.130651 0.258187 -35.999074 0.830796
387 1114.275061 1522.796308 -20.204186 -9.901559 0.673138
388 1850.800740 562.083002 3.726788 -2.522113 0.303615
389 51.816189 1354.668158 44.108748 8.911698 0.690872
390 156.762887 1280.269943 -8.550737 2.808007 0.919393
391 809.061254 1631.070638 29.288447 -11.594690 0.414346
392 163.968503 1141.061751 -0.710104 -4.443619 0.219748
393 145.898231 1320.003881 30.143802 19.681240 0.002532
394 913.236327 629.323922 12.222381 -13.214137 0.940515
395 656.588195 795.108066 12.407817 -33.794172 0.052131
396 1009.723009 122.642599 -25.225299 -18.866221 0.857011
397 1395.365646 290.429302 -3.548672 17.646726 0.268532
398 1930.520503 892.708672 1.089301 -35.983516 0.935324
399 1064.245770 1126.001375 6.110974 -12.037691 0.613462
400 1705.681322 633.443329 4.540810 12.713420 0.220789
401 10.104780 1509.211393 6.788997 11.668741 0.741805
402 482.429309 1933.529050 1.736479 22.432892 0.360891
403 1787.018282 800.207553 8.154233 16.047071 0.369039
404 1057.527730 445.365433 -22.437465 1.676353 0.222560
405 1307.307756 1954.591090 19.516477 -11.196299 0.980369
406 1316.022498 1948.930564 4.401722 0.935331 0.812541
407 1693.531971 468.077351 -44.076914 -9.067835 0.655946
408 624.040129 924.302499 41.734665 16.829074 0.221075
409 1380.151258 1999.000679 -30.183957 -9.009923 0.883655
410 1741.377125 643.002336 -4.642381 12.676683 0.575823
411 146.275955 481.235291 16.881443 -14.875042 0.619099
412 900.063481 849.488320 -23.693441 -12.946847 0.536070
413 1857.946068 667.756686 1.645212 -4.188469 0.755451
414 389.240270 1466.725001 37.883038 14.322199 0.028208
415 190.338587 263.152537 0.543626 -4.467043 0.425112
416 944.768021 819.995969 -3.359376 13.075343 0.404303
417 1780.220744 1713.560956 -0.909991 4.407030 0.992923
418 1907.045627 1326.554442 -16.539334 -31.975779 0.343284
419 758.964987 1169.419111 18.384011 -12.972207 0.844702
420 1785.973407 245.772693 -0.457293 -44.997676 0.266889
421 477.320405 1151.985300 -8.090836 30.443199 0.591969
422 1572.351935 1301.022035 19.830895 -35.312684 0.415230
423 1285.152611 1766.102629 26.911682 -16.371053 0.600972
424 1157.427144 219.815041 12.766769 23.790956 0.749247
425 1262.994780 1451.641677 7.084070 5.551212 0.281947
426 1144.925312 200.612026 12.797448 28.783247 0.153189
427 26.569684 288.377974 -19.337390 18.843177 0.434483
428 636.055880 1982.728325 -0.402126 4.481997 0.325420
429 399.022466 1436.869293 -4.499799 0.042581 0.194178
430 1906.430037 1480.377733 -36.837984 16.828930 0.748175
431 653.580722 101.148220 6.828158 -26.122333 0.481328
432 27.802037 275.766408 -3.456019 8.309990 0.926029
433 533.928479 453.057312 -17.749916 13.827164 0.260462
434 116.972978 407.784405 -28.995562 -21.336761 0.432781
435 182.074485 1740.715332 -26.197238 -30.886157 0.496991
436 1628.342680 1620.803920 39.804509 -20.990499 0.709486
437 264.968142 1688.352495 23.425146 -38.422162 0.272713
438 1497.615823 911.978514 -6.622898 -11.763810 0.200113
439 1636.909281 1505.159432 0.459020 13.492194 0.639644
440 1549.073052 1108.934530 14.798125 27.807652 0.533763
441 1926.891508 1633.469798 3.477247 31.307487 0.018420
442 969.699668 1068.398174 -10.071868 14.918360 0.290488
443 525.959216 636.304198 -7.749173 -25.864074 0.114729
444 1015.457654 1822.960702 -10.494581 24.876973 0.208490
445 865.997462 939.914406 3.975377 2.108644 0.865116
446 161.287804 264.829625 -35.860579 3.165261 0.145857
447 1551.639430 295.508065 31.129172 4.819194 0.648635
448 1780.906073 1545.318682 27.342492 -23.417689 0.927173
449 270.161391 1373.177913 3.672556 12.990856 0.672560
450 473.877935 783.017613 -2.586989 35.906928 0.717009
451 1232.259977 880.208584 3.623356 -2.668575 0.534491
452 35.656282 1466.979431 -11.203587 -7.531909 0.562628
453 184.567764 494.755284 8.825298 1.764684 0.217717
454 1292.005232 235.758728 28.139262 29.127855 0.013401
455 1705.738673 72.943405 10.787240 -29.595362 0.075929
456 375.314044 330.018522 -12.754350 4.424540 0.406442
457 1352.200610 1073.956876 12.750274 -12.705531 0.630710
458 1253.052941 165.939929 11.293980 7.395676 0.626346
459 285.221470 295.151906 -18.354202 19.802103 0.785848
460 1186.500186 519.604862 24.748466 -26.144089 0.788971
461 1194.293519 338.033818 35.788120 3.900058 0.988106
462 1325.834565 254.183475 27.303422 -29.912758 0.284654
463 146.113374 731.422899 -15.450231 -32.516001 0.131973
464 1346.190742 633.478726 -39.537433 8.777323 0.579556
465 37.047505 460.000155 2.704753 -35.898249 0.858536
466 1783.838447 905.429541 -37.798902 -14.542798 0.463437
467 467.228624 422.931852 -4.499566 -0.062498 0.186180
468 1823.102738 1543.426726 -28.158346 -29.109406 0.037469
469 1611.118370 1413.159177 -30.858112 6.326684 0.584963
470 1607.764597 839.195256 3.686435 -2.580735 0.990568
471 122.976404 159.259811 29.753351 10.343506 0.707630
472 806.061203 1635.601993 20.754055 17.270472 0.535229
473 54.664861 1416.785159 -8.987347 15.595755 0.828105
474 979.161269 1272.008451 -8.937914 1.055316 0.264403
475 813.137857 1050.176464 -21.200771 23.297582 0.126827
476 306.080396 1577.598033 11.951123 -24.210962 0.050915
477 242.174203 70.392395 5.675783 -40.100318 0.253122
478 626.661674 1863.702655 -30.290002 -26.884303 0.994980
479 1819.920230 516.367359 31.454486 1.692730 0.419881
480 1122.724967 582.496467 -34.289724 21.551447 0.597406
481 1172.852604 276.329006 -17.730992 3.100308 0.681081
482 1204.876093 1348.878368 32.093286 31.543954 0.895428
483 1092.987556 1522.585426 -23.913244 38.120293 0.148475
484 186.716586 1768.697395 25.559297 -8.701858 0.560653
485 552.880852 144.313905 44.891699 -3.120157 0.829465
486 372.844556 1091.682266 10.557582 8.413529 0.404710
487 447.025006 1939.269818 -22.179144 3.786236 0.036075
488 795.301734 1292.368754 19.704303 -10.862340 0.151862
489 1589.293693 807.243999 22.469446 1.172182 0.924983
490 1632.271914 1335.574739 4.628684 35.701194 0.637618
491 1215.118980 1799.673073 4.481622 0.406286 0.398564
492 1765.903574 1579.304462 25.541892 -31.430268 0.622040
493 1404.176669 1861.014404 -31.210725 4.259180 0.082850
494 813.655651 254.575863 20.025175 -24.315476 0.841032
495 434.850293 486.146016 -21.941122 4.983692 0.654046
496 241.605084 1513.191362 -4.306694 -1.304757 0.819091
497 676.122077 380.721481 -4.411598 -0.887582 0.311777
498 324.649709 979.143107 -9.206471 -30.124589 0.115011
499 522.233035 491.858792 2.328608 3.850660 0.778007
500 883.202936 47.083623 -13.102944 3.250056 0.988895
501 773.839482 155.591404 -12.132916 5.919657 0.275335
502 380.032607 152.501154 -24.159556 -20.213012 0.855948
503 277.600866 1218.332103 -32.700435 15.055948 0.876767
504 721.511848 677.076239 -21.864996 34.090643 0.803180
505 1674.069176 1135.033170 3.061453 -40.384124 0.523786
506 1132.828160 384.324009 1.558681 -8.864001 0.585903
507 656.758984 1827.169530 -1.501186 4.242221 0.155382
508 1369.719766 779.894918 -17.429703 4.495048 0.414795
509 1353.710682 243.969041 -13.003325 23.662492 0.392330
510 1774.327970 1111.091807 -3.024292 8.476654 0.092440
511 1275.190361 1794.488949 43.624609 -11.040538 0.167724
512 1943.647460 1197.679190 -7.800645 -4.488868 0.834007
513 908.872700 742.375853 11.180963 38.926033 0.041172
514 1845.285346 613.404422 5.050778 -40.183823 0.860229
515 176.415959 1537.859030 5.236079 -31.061769 0.718255
516 537.896898 566.306080 0.579108 40.495859 0.446018
517 1012.072112 730.938468 -3.555294 -17.645393 0.888132
518 1654.927838 1565.445635 -5.661856 17.086351 0.656461
519 891.783155 1234.922165 20.358723 -24.036897 0.528167
520 1597.060625 1482.544199 -9.873457 -39.278045 0.127239
521 1641.270348 1209.143926 -12.064533 -18.992026 0.712306
522 474.022506 1073.358466 -39.765149 -7.680034 0.331191
523 1832.926302 1265.090932 -13.473424 38.193152 0.062704
524 1746.318803 510.903408 -7.622016 11.142480 0.492970
525 618.980398 42.394222 2.244229 -3.900441 0.302967
526 579.463026 1601.288571 19.144764 30.487342 0.938764
527 1668.784340 331.467681 -3.366244 -2.986369 0.819257
528 403.425299 108.039312 8.999987 -0.015544 0.041886
529 605.982640 1713.882290 8.329058 -3.409809 0.130777
530 59.996468 528.213875 7.658674 -4.727020 0.256540
531 1175.559686 340.818738 11.447225 13.891042 0.100339
532 161.414046 368.741734 -3.467063 -13.047202 0.290047
533 718.192056 1997.400387 24.080476 12.211907 0.333278
534 467.525571 1808.481424 15.531014 -42.234910 0.411619
535 717.533426 1413.724544 -4.479002 0.434209 0.443036
536 5.276087 1579.333210 33.507603 -22.748418 0.738522
537 1922.359385 1958.557860 8.547486 2.817886 0.700168
538 1061.128413 1649.533694 -37.643233 14.941118 0.638005
539 206.593428 964.869716 4.822438 -12.609286 0.219344
540 448.098344 1479.031605 11.358020 29.381038 0.318850
541 1148.968640 726.552961 4.327406 -7.891360 0.189154
542 1864.503399 1009.825130 -12.071197 38.659232 0.623733
543 1788.193848 1062.481111 -6.161147 -6.560508 0.449210
544 1147.713278 1017.864092 27.887621 14.646863 0.452388
545 1584.546261 1413.511040 22.288088 3.080770 0.187680
546 1947.283335 1197.058576 4.512000 12.723673 0.631053
547 202.959023 978.495149 32.977266 -30.618620 0.550023
548 1944.375693 391.902425 -13.465204 -23.402741 0.198822
549 1444.725598 1360.466401 -19.619051 35.430818 0.212264
550 684.401576 752.996814 11.477320 -7.107821 0.247166
551 138.491855 1132.050985 -29.206552 21.047026 0.091509
552 956.175288 1658.298038 -0.737266 -8.969751 0.373374
553 978.095145 35.852680 13.480923 -0.717435 0.861033
554 1255.498782 1679.147870 25.720325 -8.213700 0.231583
555 1472.148323 672.180777 -2.341385 -35.923779 0.309644
556 1580.920387 1194.555279 -4.793361 7.617328 0.796764
557 1229.375162 1099.618604 35.828933 -3.505360 0.310384
558 1023.014147 10.746984 -1.252755 13.441749 0.776884
559 595.264641 1999.988506 44.469138 6.891718 0.023208
560 110.873482 1761.248640 -33.961266 -11.942881 0.379523
561 1857.642050 404.178859 -26.743984 -3.709355 0.323699
562 314.728801 435.659166 22.015960 4.641929 0.653601
563 97.981362 1924.314497 0.051814 17.999925 0.136011
564 311.817786 317.431333 25.693345 36.943904 0.018741
565 1888.845266 1903.250337 15.915096 -42.091682 0.744731
566 1346.380195 1062.560035 -11.400420 -7.230520 0.432250
567 1830.646376 625.505549 15.993731 42.061866 0.300727
568 1532.838002 76.121340 1.302488 -4.307380 0.727787
569 1280.079862 56.973322 -6.419577 26.225732 0.116779
570 1209.823139 132.104066 -16.941404 -6.081844 0.524543
571 152.755390 1260.881539 1.636372 -8.849988 0.137759
572 177.366802 1907.465858 -5.234447 -12.443897 0.011059
573 1805.503810 52.894717 -12.782610 18.516341 0.035844
574 360.236136 93.693209 -10.885847 -29.559234 0.529547
575 1771.032332 1825.749234 26.871650 -2.629532 0.382008
576 1210.546586 1574.104756 5.668132 17.084270 0.366236
577 807.976515 847.218921 3.951799 22.150243 0.332621
578 468.558505 308.783660 17.715991 3.184914 0.113107
579 274.981699 310.860920 -37.758967 -14.646174 0.844452
580 1482.333396 1536.589963 11.258828 -7.449080 0.620645
581 128.105802 1839.205734 6.588305 -35.392008 0.571608
582 1536.159525 1216.348123 -28.460356 -34.856967 0.990052
583 888.471787 988.461109 30.491627 -7.906369 0.690472
584 1397.517081 905.045034 26.469750 5.324691 0.987784
585 39.962692 888.956465 -6.272725 26.261244 0.003112
586 1503.497315 954.623344 -4.413482 35.728437 0.204910
587 1271.166001 452.365008 -9.805145 9.279501 0.150576
588 469.178809 1071.205389 5.139517 -31.077892 0.148770
589 402.687573 1810.169734 -4.402374 44.784139 0.492654
590 823.396224 617.278610 13.494493 -0.385549 0.449752
591 322.357550 691.535296 -3.578321 2.728666 0.605845
592 1331.940841 1172.951091 -0.731517 4.440144 0.726530
593 1028.491366 830.887794 33.325210 23.014786 0.702674
594 1216.259693 1348.126101 -11.995426 43.371762 0.040363
595 1035.590795 1266.661769 1.557409 -17.932498 0.443659
596 349.838515 1023.383945 44.502515 -6.672795 0.726577
597 788.877249 98.409172 -26.820715 -3.106325 0.109540
598 492.322681 473.952657 8.937945 15.624121 0.146293
599 1288.903477 1436.201318 -9.530237 30.023734 0.205582
600 1388.316045 841.607034 44.567669 6.222772 0.754659
601 33.387184 53.549489 -10.463704 -39.124940 0.081537
602 1752.245516 25.632841 3.110560 -35.865365 0.212512
603 1771.569733 911.489514 1.937008 26.930429 0.903296
604 1251.907394 1421.026214 -36.832320 16.841325 0.646697
605 1578.176223 1237.303443 23.006962 14.130807 0.173729
606 359.078123 1906.856632 41.962941 -16.251509 0.682216
607 1107.679857 1280.147606 -34.398191 10.619062 0.806104
608 877.418193 1128.526669 20.812551 -8.549137 0.629511
609 1376.586226 1371.176124 -14.010041 -23.080701 0.588983
610 1365.893314 1268.740145 -26.773864 -16.595487 0.155461
611 904.599402 1027.308016 11.091484 -19.576235 0.525534
612 1152.366472 1680.797555 -40.450601 1.999729 0.830051
613 188.582325 256.140042 -7.643899 16.296343 0.771288
614 95.405625 1300.427032 8.518585 -44.186352 0.133976
615 1953.096896 61.263039 0.233855 -4.493919 0.709683
616 1140.315061 1959.944646 -6.056377 -16.950525 0.017328
617 52.431780 459.499147 2.019825 -40.449602 0.901332
618 1196.885009 1898.417875 -13.678635 -28.375076 0.868794
619 1086.059709 1696.770186 -22.903155 -38.735584 0.791826
620 247.299487 35.237546 4.129957 40.288875 0.513099
621 1374.364858 1020.629598 -31.360581 -2.960401 0.165550
622 1700.036914 349.872732 5.522461 12.318783 0.313740
623 1925.356320 1446.407524 12.278629 33.841325 0.929352
624 1995.615035 490.341693 18.212511 -31.053252 0.752980
625 1048.714833 622.164134 1.897074 4.080577 0.898253
626 1514.875532 111.740100 4.260457 -17.488525 0.217049
627 1478.328186 1953.827287 -41.660511 17.011815 0.708191
628 569.257200 70.201589 -12.041639 -29.107541 0.515313
629 451.541842 1684.187301 33.655424 -12.779375 0.077246
630 1894.745172 1028.852723 -13.679510 38.119824 0.699368
631 1367.030632 274.158012 -22.923464 33.388094 0.455045
632 1690.117514 1917.947293 6.927194 -5.745779 0.772047
633 584.662008 666.248850 26.785780 24.052484 0.990318
634 820.375338 985.939751 -11.748872 29.226940 0.328537
635 1207.666491 103.350315 -4.451193 0.660968 0.263592
636 1972.261867 1143.439433 -31.499963 -0.048009 0.899568
637 1911.361241 956.997606 0.582909 -26.993707 0.037062
638 880.471336 842.468871 4.842111 -7.586433 0.812363
639 1378.877607 1762.297176 6.512559 26.202797 0.749092
640 1746.845385 631.602181 -7.521726 4.942028 0.600891
641 1223.587797 1117.754145 14.718959 -22.635199 0.094444
642 46.336865 293.996532 -25.503625 31.461327 0.418853
643 737.759839 1874.617430 -7.949088 -4.220427 0.546397
644 1223.369078 1126.365062 8.194309 -25.726510 0.556662
645 83.143196 503.888610 -26.598600 -24.259318 0.344318
646 1675.822864 1584.566106 4.821323 -7.599661 0.398279
647 1493.805152 1582.491820 -30.705140 -7.031668 0.288193
648 44.429805 404.623790 -37.643074 -24.657636 0.255308
649 1751.939789 1101.992423 26.674226 -4.181584 0.926742
650 1485.536507 388.716453 9.462970 -9.628198 0.899427
651 1208.190265 798.018856 -30.411051 -8.210845 0.182179
652 637.223502 1902.731592 -1.241973 17.957102 0.648337
653 610.355657 757.861966 -25.600462 -8.579996 0.819725
654 854.435097 1836.674342 -41.598737 17.162315 0.721644
655 1259.733622 565.462948 -23.053767 -21.465642 0.981188
656 1401.763692 1927.776339 40.148871 20.324078 0.281060
657 1839.906449 1.361758 -17.454820 4.396507 0.168935
658 1503.153071 1542.236850 16.427205 -15.375205 0.053633
659 1922.693705 1142.102481 -20.710628 -8.793173 0.647293
660 1766.844560 55.155216 -30.241005 8.816553 0.776012
661 1761.108406 887.374864 9.875198 -29.912045 0.391467
662 66.469538 1589.423819 3.513968 -2.811054 0.410608
663 990.732458 1541.270177 -44.864336 3.491611 0.684499
664 1022.680661 1895.125560 8.477907 -15.878447 0.223643
665 867.414547 921.681203 16.247232 7.747738 0.727669
666 1797.714241 115.775969 4.083012 1.891827 0.971158
667 845.216626 101.045651 -18.689668 -12.527821 0.352675
668 341.992944 1595.799240 -23.897416 26.924218 0.438427
669 938.007500 58.023951 -6.765698 16.680088 0.157215
670 1242.783597 1894.388875 3.018586 -31.355034 0.769872
671 434.395614 1396.421944 -39.092601 10.583883 0.824714
672 1616.758710 1979.527785 -17.416679 -4.545251 0.755702
673 1513.538284 630.323430 -3.003657 3.350827 0.576918
674 1134.845747 236.822045 -3.276052 -3.085042 0.850342
675 449.313911 1838.662712 -26.999601 -0.146803 0.596975
676 1590.586392 1652.892851 12.709579 -43.167889 0.553043
677 734.228773 101.178105 -1.434086 -4.265372 0.470796
678 1499.915126 624.299765 18.058838 36.250909 0.882938
679 542.688407 1222.229550 31.464802 -1.488711 0.442177
680 1466.867821 806.782262 -0.954672 -4.397568 0.372331
681 1841.907818 1719.116986 -3.183568 3.180393 0.511679
682 81.737764 786.778215 26.659189 16.779083 0.689786
683 1662.531509 573.310713 1.734613 40.462836 0.452259
684 1041.848757 1578.705898 14.682708 37.744776 0.651506
685 536.163534 1034.968961 6.354687 11.910833 0.261558
686 1207.409702 346.958156 -14.467994 -17.231575 0.839553
687 546.231464 629.694113 -40.458775 -19.699937 0.021828
688 1554.909417 1642.526778 -24.641885 19.622118 0.578640
689 1785.481918 700.441160 27.407207 -23.341915 0.726388
690 99.758128 594.528905 -5.043838 7.453838 0.088759
691 874.568309 112.592303 1.661599 -4.181996 0.972044
692 943.345422 1071.119381 31.488743 0.842067 0.382862
693 1689.229257 459.055434 1.619002 -4.198670 0.115172
694 1697.844762 564.911879 3.576822 -2.730631 0.308763
695 1764.876783 1805.504316 23.324143 -21.171546 0.427803
696 183.262981 1108.253772 0.660445 -8.975735 0.600709
697 1435.997245 1505.956597 -5.350733 7.236688 0.387690
698 783.071216 1428.749193 3.598275 8.249389 0.469170
699 681.477534 129.048334 12.577819 -12.876276 0.150403
700 920.190934 14.817679 15.955817 -27.159932 0.720958
701 1127.853264 469.191718 -4.095980 17.527776 0.728567
702 1981.842322 49.368366 22.465437 -1.246644 0.699661
703 611.154761 478.416127 -26.483797 5.254377 0.601589
704 267.998767 1896.630133 4.438164 -0.743439 0.441979
705 1292.740542 398.870035 13.619748 -33.324203 0.666467
706 1224.421504 220.927623 -5.413960 -35.590575 0.566987
707 242.115968 459.477644 -40.338495 -19.945070 0.056403
708 1499.953992 1339.860486 12.921544 3.909438 0.772858
709 1902.713710 1854.780868 2.173178 3.940469 0.920979
710 887.343447 1474.887103 -23.343062 21.150684 0.289069
711 971.241392 364.980695 -14.052780 -28.191654 0.777262
712 1812.971319 1323.583208 39.034704 -10.795455 0.945223
713 1149.552919 1934.693326 -0.524910 13.489791 0.378241
714 450.839712 1798.001116 -30.945464 18.395060 0.056952
715 517.303492 800.052309 -25.139080 -18.980955 0.740668
716 1831.883870 1090.283156 7.295339 16.455334 0.547523
717 1533.296210 431.490021 34.458588 -28.941419 0.143752
718 351.777323 1372.807378 2.325874 -3.852313 0.304130
719 521.995568 214.731505 24.847414 -19.361199 0.749553
720 1287.289747 1237.268583 6.203855 11.990087 0.750361
721 617.166339 1050.226844 -2.956739 -3.392299 0.109545
722 636.469319 642.086283 2.544962 40.419960 0.621922
723 79.112161 561.381836 8.101627 -39.681402 0.953954
724 1281.551395 1494.185577 34.862349 8.978675 0.189554
725 899.584949 495.426787 -1.968140 13.355764 0.031577
726 619.062574 323.275477 -28.527373 -34.802140 0.849352
727 581.032832 1649.257318 5.239270 7.317790 0.506834
728 856.054306 451.711626 10.162698 -34.535772 0.362324
729 467.668668 1290.663439 -8.825884 -1.761751 0.307335
730 1774.178400 1453.270990 -21.646750 -6.137444 0.543215
731 48.344793 1126.086111 1.956807 22.414747 0.099595
732 1791.414478 1073.236270 -10.389970 8.619659 0.152951
733 703.902282 1453.128688 25.889902 7.662439 0.182204
734 1695.519893 169.694284 2.976771 -8.493458 0.215136
735 1256.706143 1907.686953 -0.035671 -26.999976 0.083288
736 396.485523 1993.807998 -25.134149 9.862786 0.065522
737 1361.650220 14.117539 4.259533 -1.451335 0.636195
738 1478.061107 260.953680 -12.664661 18.597214 0.485191
739 1217.122937 197.920762 21.265856 7.349380 0.650313
740 1272.703893 203.437822 -18.323039 -36.118087 0.846220
741 1296.189462 1024.242259 -5.598607 35.561997 0.246515
742 1474.769574 1574.077605 -2.860438 -3.473887 0.171978
743 464.042277 93.392624 32.812570 -30.795053 0.778659
744 680.974236 358.653231 21.516468 6.579635 0.390467
745 1222.413272 1187.785843 -9.435921 -43.999584 0.196227
746 284.649194 1508.673643 -1.872192 -22.421974 0.171709
747 991.445095 1032.064559 -23.162898 -13.873721 0.043678
748 1531.425494 1097.323111 -6.034487 12.076215 0.848117
749 1954.654547 860.017972 -34.182655 21.720867 0.015203
750 368.045056 1425.915053 -22.309442 -33.801462 0.762392
751 636.134884 1434.982941 22.041091 22.504229 0.970397
752 254.542735 1558.317304 2.004340 17.888058 0.510766
753 773.404373 615.299773 -31.720721 25.180268 0.175495
754 1504.736135 1554.288385 -25.084438 37.360018 0.699736
755 490.400279 1404.261599 8.431762 -15.902999 0.610094
756 1397.879160 131.627680 -0.057227 4.499636 0.567164
757 1520.423702 975.937990 40.275664 4.256862 0.069144
758 280.627331 1847.179463 8.886416 -30.220550 0.257262
759 1627.544244 1090.612346 22.468003 -1.199522 0.089778
760 835.548726 1339.190118 -1.167250 8.923986 0.867773
761 1519.221862 1041.030126 26.660301 4.269466 0.547547
762 342.718739 950.198819 3.752398 -2.483850 0.281093
763 951.186742 1024.581695 8.698942 -2.308336 0.334254
764 1280.609378 1188.319309 -1.283190 8.908054 0.100184
765 1666.906024 812.790525 -8.927633 1.139018 0.923296
766 867.247362 241.285052 -22.906418 -14.293216 0.022475
767 686.366674 1304.822078 24.242811 11.886384 0.101746
768 38.575628 1218.142007 -16.983679 5.962771 0.332807
769 824.813895 1743.713041 8.990789 0.407087 0.759718
770 1469.371164 1030.695047 7.081169 21.356663 0.946681
771 1632.504696 1663.098020 -2.085787 17.878744 0.575694
772 905.851862 275.598626 -31.261148 -3.871772 0.791180
773 464.673108 932.773565 -11.972174 19.050382 0.338745
774 793.023859 1682.350024 -22.224786 -22.322833 0.593932
775 772.749591 385.935752 4.124445 1.799710 0.281529
776 1553.284278 1731.679961 -20.281331 -9.742566 0.821044
777 991.898197 1918.426266 12.882131 -43.116710 0.031674
778 841.373160 1408.248706 7.109458 -11.476306 0.952962
779 1154.577180 1806.154257 31.448279 1.804367 0.666102
780 73.317517 1757.179440 25.696799 31.303747 0.577488
781 1275.945273 690.234841 12.340302 5.474208 0.511923
782 521.967885 1071.395791 -11.864018 -19.117926 0.136583
783 1750.163945 945.950259 6.395768 -39.991801 0.686547
784 582.944558 346.100865 -5.367935 7.223937 0.999238
785 1942.515539 1609.207089 3.026801 -22.295481 0.937246
786 198.779045 1860.005989 -22.151702 33.905045 0.879723
787 1488.451111 108.361177 34.909547 20.532257 0.371643
788 1303.278891 58.221732 -9.071284 20.590333 0.208938
789 45.373691 153.872715 5.526337 12.317045 0.252970
790 728.633978 237.368902 16.004329 15.814912 0.093582
791 1736.757465 374.671000 -12.893353 12.560312 0.604205
792 187.993713 1567.289766 2.796777 8.554416 0.116143
793 131.238291 63.967741 -1.231889 26.971883 0.083362
794 1050.003403 159.055942 -12.799568 33.647750 0.263250
795 1917.794609 290.560942 -6.966319 -44.457512 0.321338
796 231.527663 1540.962423 2.693356 -13.228599 0.565765
797 351.563170 834.345872 18.419158 -12.922253 0.930232
798 1790.436959 1603.638735 2.994752 -3.358788 0.393841
799 1893.224435 1559.122076 -13.006327 -3.617381 0.248773
800 534.824159 847.010150 -7.439414 11.265217 0.172341
801 1217.887074 852.219755 4.499234 0.083019 0.271938
802 727.419299 1291.957248 -7.874752 -25.826116 0.086035
803 910.484137 66.073779 -2.032909 -4.014633 0.612207
804 728.439711 323.004284 18.604243 40.974164 0.173540
805 1514.771529 987.626007 -38.126133 13.661917 0.328566
806 196.127867 1690.128566 2.525214 22.357846 0.573713
807 828.352100 714.772546 16.525218 26.817292 0.219329
808 1488.430983 1712.338005 -2.612929 -3.663687 0.402405
809 738.680292 768.931654 -29.180583 -28.084579 0.776432
810 1192.748850 1098.696184 0.417333 17.995161 0.596144
811 584.564309 384.587312 -3.110162 -3.252213 0.052144
812 952.466500 837.017866 -7.101190 -30.689137 0.405660
813 1899.379880 162.495561 -8.792661 10.243979 0.158117
814 247.234570 1490.979798 13.028371 -43.072747 0.414865
815 298.962772 1821.787707 13.842839 -23.181368 0.197112
816 1899.337950 1530.408387 -38.332512 13.071670 0.823747
817 855.482014 253.906552 -4.254896 1.464875 0.964756
818 1561.695744 318.387509 -20.281192 24.102349 0.143117
819 598.209350 1665.845720 10.439952 8.559054 0.783019
820 1879.915344 1031.390115 -16.501642 7.189979 0.716419
821 1092.080326 1910.524440 7.317536 35.248456 0.621747
822 1937.510429 11.356157 12.291140 -24.040131 0.946417
823 1172.115135 293.087400 -44.881707 -3.260726 0.793409
824 508.065346 1893.848994 3.564430 44.858609 0.807785
825 1731.177480 1305.149229 -25.541650 -8.753521 0.879028
826 1934.225069 1118.791631 -8.645358 2.501558 0.334044
827 1616.884685 1502.758269 -3.182271 -26.811810 0.072615
828 1558.656908 890.506449 -15.758169 42.150683 0.104658
829 502.893954 239.415842 21.134807 23.357439 0.605007
830 1663.181011 142.709111 24.664124 26.223673 0.889956
831 1695.615645 1812.526586 0.598508 31.494314 0.651024
832 912.176658 21.808208 -10.704329 8.226016 0.248097
833 1256.684878 659.195753 20.720596 8.769658 0.521119
834 382.740176 1727.772906 9.269986 -9.814141 0.973576
835 1994.598193 327.572924 6.287895 -26.257616 0.118553
836 1926.965704 1262.551757 30.348192 -8.440214 0.815045
837 952.183241 1473.551359 2.567138 -3.695917 0.979322
838 1177.532698 1633.198643 6.776128 11.676219 0.858368
839 1365.872067 1025.412749 8.828179 -1.750213 0.520435
840 24.581287 90.098440 -21.199824 7.537735 0.137511
841 640.007100 686.883086 -17.759251 -2.934109 0.630704
842 872.628952 688.158913 40.489404 -0.926350 0.231004
843 1031.907271 676.722266 18.753668 -40.905989 0.983395
844 969.878946 1832.223708 11.475837 43.512127 0.982994
845 660.467931 1853.150809 -20.472330 -23.940211 0.520400
846 1273.019186 1077.257832 5.119004 44.707894 0.366617
847 658.580648 1229.475499 16.912844 -26.574531 0.076729
848 1195.170162 148.059143 -34.990027 20.394803 0.946266
849 445.098846 1588.143262 35.887853 2.839365 0.815397
850 636.604859 74.788599 -34.967303 -20.433740 0.949825
851 611.774910 399.988366 -5.887404 35.515327 0.988329
852 1465.293470 1516.730796 16.595739 -31.946541 0.919943
853 354.212856 114.035992 -24.991257 37.422414 0.899272
854 722.055875 641.257096 26.258679 -36.544244 0.475117
855 42.078755 111.228460 6.759027 11.686127 0.195056
856 321.136728 1673.158865 -0.243650 8.996701 0.929421
857 1982.542861 1588.892149 -5.174857 21.896823 0.150000
858 1409.226391 1030.290814 16.551266 7.074998 0.121020
859 292.626749 658.831779 22.383257 -22.163930 0.170593
860 629.575061 127.748332 -17.000807 5.913761 0.266260
861 891.771816 1882.903975 17.866013 -13.676826 0.554223
862 215.368343 1033.950673 -28.320152 -22.225413 0.074997
863 610.363196 233.726875 42.472513 14.868948 0.464278
864 714.620980 61.111544 -17.837686 2.411836 0.984246
865 1592.094497 1931.058718 44.464327 -6.922691 0.088916
866 1348.772782 1538.058377 22.489717 0.680184 0.474401
867 1726.701970 285.327349 12.682389 43.175885 0.024493
868 1319.024234 1619.984832 -12.874926 -4.060330 0.300388
869 360.186494 755.963843 22.499258 -0.182721 0.607801
870 1866.280010 1133.610590 -3.006481 -26.832090 0.067116
871 1627.483183 1281.346333 -0.116154 31.499786 0.731754
872 1910.031851 1713.540081 22.257075 -3.297366 0.936944
873 1161.555680 1668.516275 28.208193 -35.061344 0.553920
874 351.709643 442.049469 14.761663 -27.827025 0.557350
875 325.654700 171.411555 23.153983 -38.586177 0.639352
876 702.807831 1641.285964 -16.158190 7.931765 0.386438
877 1103.587582 663.637184 -18.528409 25.474459 0.406970
878 1328.564353 362.359757 -13.445072 -18.041066 0.051053
879 1552.539241 1118.584044 10.175604 -8.871701 0.327090
880 645.126105 446.998171 0.018300 -8.999981 0.331451
881 908.245677 1735.696003 -20.805278 8.566821 0.185091
882 83.679328 1439.162549 -12.930018 3.881319 0.884772
883 1383.383473 712.362625 -21.541374 28.843876 0.899947
884 699.733257 1456.719296 28.899796 28.373435 0.226076
885 1356.271741 1331.029830 -35.670381 19.180040 0.200410
886 1666.099848 298.225143 16.065275 8.118308 0.715990
887 733.758230 599.137470 -3.526579 -26.768699 0.440629
888 1955.056793 1104.211013 0.134475 -8.998995 0.274427
889 698.909403 978.950892 -26.089132 -6.953934 0.028311
890 1138.787242 1398.092258 -38.482509 12.623253 0.402371
891 611.889536 1113.921923 27.680009 -15.035528 0.962458
892 300.940238 444.570400 6.313915 6.413617 0.302500
893 1069.865276 1100.652191 -21.423098 -6.877564 0.220079
894 348.462918 651.513091 -40.422831 2.498942 0.408044
895 121.668515 1737.933520 -6.274829 -6.451862 0.551618
896 287.396544 1497.557016 6.464191 30.829600 0.444398
897 1616.944694 538.322317 36.093831 18.370775 0.426919
898 1433.417160 1044.492795 -36.294564 -26.602718 0.742482
899 1170.227105 566.371462 10.558290 -24.850000 0.406376
900 537.183966 523.197243 38.202440 -13.447065 0.542543
901 1710.077556 1976.538679 -21.503018 34.320114 0.951652
902 1501.514396 421.678959 5.636391 7.016487 0.713146
903 661.783996 1586.555597 -33.513633 -13.146726 0.975872
904 1426.660403 486.559227 -13.426491 -28.495251 0.774070
905 975.725005 1524.384060 -12.102265 13.324233 0.668693
906 1338.786383 1921.130962 -31.910305 -31.729048 0.115788
907 1041.672799 1663.026874 0.491984 4.473025 0.197414
908 791.135436 356.604871 -3.090147 -3.271237 0.449495
909 1819.009495 1019.724128 -22.255520 -3.307841 0.131526
910 571.728518 1060.622149 -22.043412 -15.591280 0.645793
911 355.896423 726.226350 12.128483 -13.300372 0.094453
912 1141.606020 1093.100388 -39.418645 -9.296260 0.381086
913 325.884228 71.907052 1.244103 4.324605 0.036538
914 574.185118 1231.374398 30.391452 -8.283094 0.537407
915 1532.257507 476.288748 -25.257435 37.243281 0.764136
916 14.315990 1118.890057 -40.375645 3.171324 0.639796
917 947.966642 347.832237 8.998896 0.140939 0.994424
918 518.104689 1009.991060 -3.306833 -26.796732 0.183871
919 1891.952419 78.300614 -33.536641 -30.004894 0.808898
920 210.290315 1177.568955 -1.002967 -4.386805 0.720770
921 875.134571 74.448281 27.020550 -35.984579 0.178012
922 374.249016 1675.112289 26.342298 -30.762531 0.259412
923 157.738534 725.089490 -19.604852 -35.438677 0.372914
924 1322.837414 1720.260185 -16.131870 7.985159 0.981646
925 1707.115769 737.565750 -21.197999 -7.542866 0.461845
926 1380.751222 126.506598 -8.958887 0.859273 0.267240
927 1592.730860 679.625926 -4.338297 1.195484 0.454724
928 1183.843865 814.831281 32.565979 -24.077106 0.640276
929 90.117855 68.190296 -11.200470 7.536543 0.411004
930 1267.541241 1894.444764 1.564937 -4.219120 0.502200
931 99.410747 573.298590 -16.947745 -6.064152 0.930393
932 932.064665 1615.057748 5.347915 21.855201 0.463433
933 869.557321 1830.800539 0.440338 -4.478404 0.566563
934 742.140679 1164.828714 -2.058771 -26.921394 0.789959
935 1823.223821 251.684266 -37.970109 14.089740 0.165264
936 919.995102 1809.022683 7.623428 -25.901416 0.825698
937 1664.924240 721.315370 11.422463 19.384977 0.466102
938 894.502020 1947.497893 -3.119242 3.243506 0.351602
939 1592.862788 1832.042498 14.825743 32.805447 0.105006
940 1109.485691 923.457202 2.932215 -13.177713 0.419012
941 1106.818131 765.436838 -35.902726 2.644670 0.059375
942 583.085833 161.724166 26.736292 -3.764396 0.744408
943 1792.456698 135.264559 -16.027067 8.193481 0.902267
944 297.688792 682.463084 -2.341027 -13.295473 0.839556
945 301.320935 489.672176 -31.068695 5.194823 0.200506
946 825.045915 1947.873922 -16.732207 26.688635 0.800573
947 392.738297 121.216534 23.702444 20.747148 0.170697
948 1658.528663 1870.091835 -26.931239 1.925707 0.531334
949 493.949524 96.041681 -3.005594 -31.356282 0.325714
950 423.811410 1921.653075 -24.163937 -12.045918 0.083634
951 391.620956 952.337902 -21.527900 6.542135 0.329181
952 1045.017724 36.980662 -6.473551 -6.252451 0.241206
953 429.389972 497.911818 -38.328321 -13.083953 0.155944
954 1410.926562 1384.687135 -25.160795 -9.794610 0.322511
955 1980.265205 1518.120753 8.799413 15.702558 0.155264
956 1152.431136 886.939534 28.837870 -12.673882 0.965881
957 1953.187057 1443.911479 -14.998032 9.952841 0.840801
958 1903.635206 1312.418766 8.966467 10.092199 0.737820
959 1233.517090 398.877338 -14.098359 42.734486 0.948043
960 1899.783803 191.366164 -8.373370 -15.933822 0.268479
961 1.781164 1051.892226 -27.315478 -35.761217 0.463347
962 290.724974 1550.261423 -16.258233 -32.119618 0.478583
963 566.121516 345.781713 4.498452 0.118021 0.671459
964 282.587517 1461.758791 -0.686781 26.991264 0.340381
965 1954.008597 1277.585257 3.133247 -3.229978 0.833834
966 1233.032533 34.172982 3.927003 2.197419 0.192763
967 934.028634 1466.112267 3.116658 3.245989 0.386294
968 691.670905 275.077153 9.134874 9.940024 0.918671
969 1065.290239 1774.477080 -44.316178 -7.815138 0.278486
970 1103.857449 989.295634 -21.560150 -6.435053 0.567389
971 700.245403 1529.207981 0.751447 40.493028 0.017023
972 101.689627 1549.996788 13.756094 17.805052 0.183180
973 1358.721706 1508.184640 19.589613 -30.203428 0.782082
974 1810.116293 1671.130663 8.634689 -2.538138 0.018310
975 1094.328414 1883.679560 12.418490 38.549074 0.637095
976 1592.705046 1450.844492 -25.429868 -18.589562 0.033744
977 1950.176209 1585.217907 -17.895334 -1.938303 0.685901
978 292.406409 948.487453 -26.984594 0.911956 0.553042
979 952.174328 1987.988389 -13.497171 -33.374038 0.736361
980 1497.699339 1455.452832 6.952473 5.715165 0.341306
981 1818.457171 626.523528 -18.238273 13.176319 0.377884
982 1280.055191 1650.458329 -6.145873 -16.918281 0.679231
983 944.789665 251.077153 -11.368728 24.489835 0.224731
984 329.881922 1443.063007 -13.504157 -17.996881 0.287309
985 1606.513939 1120.024910 -28.615316 -13.168663 0.884113
986 1289.022329 29.758909 44.496823 -6.710641 0.645337
987 484.972306 791.337058 19.118245 30.503979 0.413866
988 1429.223438 1014.756684 -8.661149 20.766187 0.512275
989 1733.456374 315.303769 -13.305969 12.122343 0.593992
990 1145.251793 1730.458490 -8.446090 39.609514 0.322981
991 436.223281 1376.608396 -17.946853 1.382190 0.141043
992 1203.359620 463.088776 24.862999 -31.970006 0.092872
993 1715.305995 1449.172827 26.569168 -4.804094 0.102096
994 182.755859 407.933289 -1.917249 -17.897602 0.774442
995 1975.554584 805.390341 14.596051 -10.533532 0.217099
996 403.024413 1308.393830 -3.301489 17.694637 0.096882
997 1976.499374 1747.733386 -3.787993 -2.429220 0.320805
998 1029.434268 1988.135454 18.167531 19.973503 0.295320
999 184.249662 1891.472400 -5.987053 16.975135 0.120232
1
1
0
0 11.265785 11.265785 0
10
0 570 1209.823139 132.104066 5.498755 21.817738 0.524543
0 568 1532.838002 76.121340 22.121680 -4.108680 0.727787
0 565 1888.845266 1903.250337 -37.483193 -24.900005 0.744731
0 564 311.817786 317.431333 1.680915 -17.921343 0.018741
0 559 639.000000 6.000000 44.469138 6.891718 0.023208
0 558 1023.014147 10.746984 -5.812499 6.871306 0.776884
0 557 1229.375162 1099.618604 12.010342 24.181640 0.310384
0 554 1255.498782 1679.147870 -43.401711 -11.886610 0.231583
0 553 978.095145 35.852680 18.844949 -12.293001 0.861033
0 551 138.491855 1132.050985 -29.866454 10.012238 0.091509
