10
0 8.793392 3.164198 0.386073 0.104631 0.465586
1 17.977151 6.003610 -3.015998 -1.965643 0.354617
2 0.544348 15.139130 1.391334 -3.750225 0.145503
3 6.295299 8.291099 0.384938 -0.108734 0.120442
4 15.377967 6.540365 -0.012281 0.399811 0.067240
5 18.711948 19.323360 -2.884652 -2.153784 0.943313
6 12.911820 8.483999 2.010741 2.986121 0.239747
7 2.348737 5.040736 0.011670 0.399830 0.038922
8 6.908872 15.883164 2.780099 -0.333243 0.948315
9 16.013902 4.178540 -1.950618 1.398245 0.383090
1
1
0
0 11.265785 11.265785 0
10
0 0 8.793392 3.164198 0.702722 3.121887 0.465586
0 1 17.977151 6.003610 2.233275 0.878911 0.354617
0 2 0.544348 15.139130 2.262492 -2.262991 0.145503
0 3 6.295299 8.291099 1.674459 1.093703 0.120442
0 4 15.377967 6.540365 -2.934872 -2.717817 0.067240
0 5 18.711948 19.323360 0.124969 -1.193475 0.943313
0 6 12.911820 8.483999 0.610529 2.732628 0.239747
0 7 2.348737 5.040736 1.499933 -1.873553 0.038922
0 8 6.908872 15.883164 -2.715361 2.363644 0.948315
0 9 16.013902 4.178540 -0.609679 -1.033582 0.383090
