10
0 8.793392 3.164198 0.386073 0.104631 0.465586
1 17.977151 6.003610 -3.015998 -1.965643 0.354617
2 0.544348 15.139130 1.391334 -3.750225 0.145503
3 6.295299 8.291099 0.384938 -0.108734 0.120442
4 15.377967 6.540365 -0.012281 0.399811 0.067240
5 18.711948 19.323360 -2.884652 -2.153784 0.943313
6 12.911820 8.483999 2.010741 2.986121 0.239747
7 2.348737 5.040736 0.011670 0.399830 0.038922
8 6.908872 15.883164 2.780099 -0.333243 0.948315
9 16.013902 4.178540 -1.950618 1.398245 0.383090
5
1
0
0 11.265785 11.265785 0
10
0 0 8.793392 3.164198 0.702722 3.121887 0.465586
0 1 17.977151 6.003610 2.233275 0.878911 0.354617
0 2 0.544348 15.139130 2.262492 -2.262991 0.145503
0 3 6.295299 8.291099 1.674459 1.093703 0.120442
0 4 15.377967 6.540365 -2.934872 -2.717817 0.067240
0 5 18.711948 19.323360 0.124969 -1.193475 0.943313
0 6 12.911820 8.483999 0.610529 2.732628 0.239747
0 7 2.348737 5.040736 1.499933 -1.873553 0.038922
0 8 6.908872 15.883164 -2.715361 2.363644 0.948315
0 9 16.013902 4.178540 -0.609679 -1.033582 0.383090
1
0
0 5.865324 5.865324 0
10
0 0 9.179465 3.268829 -0.922422 -1.307340 0.465586
0 1 14.961152 4.037967 0.361510 0.171202 0.354617
0 2 1.935681 11.388905 1.626342 1.764939 0.145503
0 3 6.680237 8.182365 1.972867 -0.328320 0.120442
0 4 15.365686 6.940177 2.798696 -0.085431 0.067240
0 5 15.827297 17.169576 -0.990256 1.737640 0.943313
0 6 14.922561 11.470121 -0.733621 -2.285126 0.239747
0 7 2.360407 5.440566 -2.243766 -2.281559 0.038922
0 8 9.688971 15.549921 0.339377 0.211715 0.948315
0 9 14.063284 5.576785 -1.041568 -0.595933 0.383090
1
0
0 13.393672 13.393672 0
10
0 0 9.882188 6.390717 1.813085 0.844228 0.465586
0 1 17.194427 4.916878 1.018383 2.608236 0.354617
0 2 4.198174 9.125913 -1.534906 0.451733 0.145503
0 3 8.354696 9.276069 -2.656264 0.885586 0.120442
0 4 12.430814 4.222360 -0.438932 0.668834 0.067240
0 5 15.952265 15.976101 -0.399899 -0.009006 0.943313
0 6 15.533090 14.202748 1.424574 0.728415 0.239747
0 7 3.860340 3.567013 1.032737 2.602586 0.038922
0 8 6.973609 17.913565 2.015702 1.302669 0.948315
0 9 13.453605 4.543203 -0.865185 1.345903 0.383090
1
0
0 7.617919 7.617919 0
10
0 0 8.959766 5.083377 2.351934 0.477919 0.465586
0 1 17.555937 5.088080 -1.595005 -2.774159 0.354617
0 2 5.824516 10.890853 0.789329 -0.130231 0.145503
0 3 10.327564 8.947749 1.239527 -3.803100 0.120442
0 4 15.229511 4.136929 -1.595500 0.119919 0.067240
0 5 14.962010 17.713741 3.189633 -0.257378 0.943313
0 6 14.799470 11.917622 0.371803 0.147521 0.239747
0 7 1.616574 1.285454 -0.638130 3.135728 0.038922
0 8 7.312986 18.125280 -2.306543 -2.218076 0.948315
0 9 12.412036 3.947270 0.210328 -0.771856 0.383090
1
0
0 4.324920 4.324920 0
10
0 0 10.772851 5.927605 -0.304715 -0.259131 0.465586
0 1 18.574320 7.696316 -1.604707 -1.784633 0.354617
0 2 4.289610 11.342586 3.546564 -0.617967 0.145503
0 3 7.671300 9.833334 -0.391130 0.697866 0.120442
0 4 14.790579 4.805763 2.399842 0.027512 0.067240
0 5 14.562111 17.704735 2.078695 -2.939222 0.943313
0 6 16.224044 12.646037 -0.808551 0.886705 0.239747
0 7 2.649311 3.888040 -0.320608 -0.732947 0.038922
0 8 9.328688 19.427949 -1.131755 -0.398911 0.948315
0 9 11.546851 5.293173 0.363319 -1.143678 0.383090
