10
0 1.241886 1.526951 1.634909 1.151986 0.685029
1 8.344275 12.105198 -0.700701 0.386028 0.598743
2 15.696727 15.805183 -3.199712 0.042942 0.060564
3 7.225573 18.509934 -3.894336 0.913317 0.971711
4 19.853049 18.164277 -1.496090 -1.327296 0.556174
5 0.005764 18.198982 3.475859 -0.937234 0.366241
6 13.885217 19.134070 -1.570493 0.305861 0.824031
7 10.510360 11.716969 -0.379018 -0.127848 0.191377
8 2.522915 1.672912 0.364548 0.164636 0.766389
9 11.923985 18.996835 -0.182190 -0.356099 0.904360
5
1
0
0 14.359674 14.359674 0
10
0 0 1.241886 1.526951 3.394792 -1.198077 0.685029
0 1 8.344275 12.105198 2.912440 -2.116056 0.598743
0 2 15.696727 15.805183 -1.421223 -0.734931 0.060564
0 3 7.225573 18.509934 2.620470 -2.468428 0.971711
0 4 19.853049 18.164277 -0.611439 1.478561 0.556174
0 5 0.005764 18.198982 0.167789 0.363107 0.366241
0 6 13.885217 19.134070 1.199990 -1.058312 0.824031
0 7 10.510360 11.716969 1.649146 3.644217 0.191377
0 8 2.522915 1.672912 2.770054 2.885620 0.766389
0 9 11.923985 18.996835 0.316487 1.157513 0.904360
1
0
0 13.770947 13.770947 0
10
0 0 2.876796 2.678937 -2.220315 2.833761 0.685029
0 1 7.643573 12.491226 -0.346904 -1.148763 0.598743
0 2 12.497015 15.848125 0.356400 0.716226 0.060564
0 3 3.331237 19.423251 2.714552 0.686447 0.971711
0 4 18.356959 16.836981 -2.164971 -1.775641 0.556174
0 5 3.481623 17.261748 -2.236466 -3.316356 0.366241
0 6 12.314723 19.439931 -3.993626 -0.225728 0.824031
0 7 10.131341 11.589121 -0.293528 1.572845 0.191377
0 8 2.887463 1.837548 0.925016 -3.479130 0.766389
0 9 11.741795 18.640736 2.852711 -2.195914 0.904360
1
0
0 6.703171 6.703171 0
10
0 0 6.271588 1.480860 3.105415 2.521190 0.685029
0 1 10.556013 10.375170 -1.721435 -1.018167 0.598743
0 2 11.075791 15.113194 0.792117 0.112030 0.060564
0 3 5.951707 16.954823 -1.528641 0.472501 0.971711
0 4 17.745521 18.315542 3.879812 -0.973168 0.556174
0 5 3.649412 17.624856 1.533595 1.846101 0.366241
0 6 13.514713 18.381619 3.403321 -2.101762 0.824031
0 7 11.780487 15.233338 0.389877 0.089418 0.191377
0 8 5.657517 4.723168 -3.636501 1.666091 0.766389
0 9 12.058282 19.798248 2.643917 -0.921792 0.904360
1
0
0 9.673275 9.673275 0
10
0 0 4.051273 4.314622 -0.376596 0.705816 0.685029
0 1 10.209109 9.226406 2.017149 -1.300426 0.598743
0 2 11.432191 15.829420 1.057796 1.697371 0.060564
0 3 8.666258 17.641270 -1.576154 0.275208 0.971711
0 4 15.580550 16.539901 -3.390508 2.122370 0.556174
0 5 1.412945 14.308499 -2.397337 -1.446642 0.366241
0 6 9.521087 18.155891 -0.034630 -1.199500 0.824031
0 7 11.486960 16.806183 3.952567 -0.614175 0.191377
0 8 6.582533 1.244038 -0.241880 -0.318582 0.766389
0 9 14.910994 17.602334 -2.374475 -2.705896 0.904360
1
0
0 8.804401 8.804401 0
10
0 0 7.156688 6.835812 3.020825 1.055754 0.685029
0 1 8.487674 8.208240 0.054689 0.396244 0.598743
0 2 12.224308 15.941450 -2.111937 -2.915428 0.060564
0 3 7.137618 18.113771 -0.798232 -0.053164 0.971711
0 4 19.460362 15.566732 0.398540 -0.034148 0.556174
0 5 2.946540 16.154600 -0.041397 -1.599464 0.366241
0 6 12.924409 16.054130 2.977470 -1.172463 0.824031
0 7 11.876837 16.895602 -0.565721 -0.565650 0.191377
0 8 2.946031 2.910129 -0.046256 2.799618 0.766389
0 9 17.554911 16.680542 -1.161403 1.100520 0.904360
