10
0 8.793392 3.164198 0.386073 0.104631 0.465586
1 17.977151 6.003610 -3.015998 -1.965643 0.354617
2 0.544348 15.139130 1.391334 -3.750225 0.145503
3 6.295299 8.291099 0.384938 -0.108734 0.120442
4 15.377967 6.540365 -0.012281 0.399811 0.067240
5 18.711948 19.323360 -2.884652 -2.153784 0.943313
6 12.911820 8.483999 2.010741 2.986121 0.239747
7 2.348737 5.040736 0.011670 0.399830 0.038922
8 6.908872 15.883164 2.780099 -0.333243 0.948315
9 16.013902 4.178540 -1.950618 1.398245 0.383090
10
1
0
0 11.265785 11.265785 0
10
0 0 8.793392 3.164198 0.702722 3.121887 0.465586
0 1 17.977151 6.003610 2.233275 0.878911 0.354617
0 2 0.544348 15.139130 2.262492 -2.262991 0.145503
0 3 6.295299 8.291099 1.674459 1.093703 0.120442
0 4 15.377967 6.540365 -2.934872 -2.717817 0.067240
0 5 18.711948 19.323360 0.124969 -1.193475 0.943313
0 6 12.911820 8.483999 0.610529 2.732628 0.239747
0 7 2.348737 5.040736 1.499933 -1.873553 0.038922
0 8 6.908872 15.883164 -2.715361 2.363644 0.948315
0 9 16.013902 4.178540 -0.609679 -1.033582 0.383090
1
0
0 5.865324 5.865324 0
10
0 0 9.179465 3.268829 -0.922422 -1.307340 0.465586
0 1 14.961152 4.037967 0.361510 0.171202 0.354617
0 2 1.935681 11.388905 1.626342 1.764939 0.145503
0 3 6.680237 8.182365 1.972867 -0.328320 0.120442
0 4 15.365686 6.940177 2.798696 -0.085431 0.067240
0 5 15.827297 17.169576 -0.990256 1.737640 0.943313
0 6 14.922561 11.470121 -0.733621 -2.285126 0.239747
0 7 2.360407 5.440566 -2.243766 -2.281559 0.038922
0 8 9.688971 15.549921 0.339377 0.211715 0.948315
0 9 14.063284 5.576785 -1.041568 -0.595933 0.383090
1
0
0 13.393672 13.393672 0
10
0 0 9.882188 6.390717 1.813085 0.844228 0.465586
0 1 17.194427 4.916878 1.018383 2.608236 0.354617
0 2 4.198174 9.125913 -1.534906 0.451733 0.145503
0 3 8.354696 9.276069 -2.656264 0.885586 0.120442
0 4 12.430814 4.222360 -0.438932 0.668834 0.067240
0 5 15.952265 15.976101 -0.399899 -0.009006 0.943313
0 6 15.533090 14.202748 1.424574 0.728415 0.239747
0 7 3.860340 3.567013 1.032737 2.602586 0.038922
0 8 6.973609 17.913565 2.015702 1.302669 0.948315
0 9 13.453605 4.543203 -0.865185 1.345903 0.383090
1
0
0 7.617919 7.617919 0
10
0 0 8.959766 5.083377 2.351934 0.477919 0.465586
0 1 17.555937 5.088080 -1.595005 -2.774159 0.354617
0 2 5.824516 10.890853 0.789329 -0.130231 0.145503
0 3 10.327564 8.947749 1.239527 -3.803100 0.120442
0 4 15.229511 4.136929 -1.595500 0.119919 0.067240
0 5 14.962010 17.713741 3.189633 -0.257378 0.943313
0 6 14.799470 11.917622 0.371803 0.147521 0.239747
0 7 1.616574 1.285454 -0.638130 3.135728 0.038922
0 8 7.312986 18.125280 -2.306543 -2.218076 0.948315
0 9 12.412036 3.947270 0.210328 -0.771856 0.383090
1
0
0 4.324920 4.324920 0
10
0 0 10.772851 5.927605 -0.304715 -0.259131 0.465586
0 1 18.574320 7.696316 -1.604707 -1.784633 0.354617
0 2 4.289610 11.342586 3.546564 -0.617967 0.145503
0 3 7.671300 9.833334 -0.391130 0.697866 0.120442
0 4 14.790579 4.805763 2.399842 0.027512 0.067240
0 5 14.562111 17.704735 2.078695 -2.939222 0.943313
0 6 16.224044 12.646037 -0.808551 0.886705 0.239747
0 7 2.649311 3.888040 -0.320608 -0.732947 0.038922
0 8 9.328688 19.427949 -1.131755 -0.398911 0.948315
0 9 11.546851 5.293173 0.363319 -1.143678 0.383090
1
0
0 11.231739 11.231739 0
10
0 0 13.124785 6.405524 1.672885 1.096109 0.465586
0 1 16.979315 4.922158 -1.399502 0.775496 0.354617
0 2 5.078938 11.212354 0.587814 3.956574 0.145503
0 3 8.910827 6.030234 -1.945722 -3.028888 0.120442
0 4 13.195079 4.925682 -2.705891 1.708261 0.067240
0 5 17.751744 17.447357 -0.727806 2.703756 0.943313
0 6 16.595847 12.793558 -2.362698 -0.421496 0.239747
0 7 2.011181 7.023768 -1.576653 -1.230514 0.038922
0 8 7.022144 17.209874 -0.676297 -2.302742 0.948315
0 9 11.757179 4.521317 -0.624198 3.545473 0.383090
1
0
0 11.160746 11.160746 0
10
0 0 12.820071 6.146393 1.874884 -2.593224 0.465586
0 1 15.374608 3.137524 1.551110 0.392502 0.354617
0 2 8.625502 10.594387 -1.227933 -2.516383 0.145503
0 3 8.519697 6.728101 -2.297307 -1.600744 0.120442
0 4 15.594921 4.953195 -0.239914 -0.763178 0.067240
0 5 19.830439 14.508135 0.068668 0.394062 0.943313
0 6 15.787296 13.680263 -1.772335 1.618279 0.239747
0 7 1.690574 6.290821 0.923347 2.215272 0.038922
0 8 5.890389 16.810963 0.164825 0.364462 0.948315
0 9 12.120499 3.377639 -1.063685 -0.555494 0.383090
1
0
0 5.663773 5.663773 0
10
0 0 14.492956 7.242502 -0.477009 2.352119 0.465586
0 1 13.975106 3.913020 -0.613598 -0.513320 0.354617
0 2 9.213316 14.550961 2.200597 0.957795 0.145503
0 3 6.573975 3.699212 -2.213962 2.838728 0.120442
0 4 12.889031 6.661455 -0.931394 3.890052 0.067240
0 5 19.102633 17.211892 -1.087944 -1.173191 0.943313
0 6 13.424598 13.258767 0.116128 1.194368 0.239747
0 7 0.113921 5.060307 1.191548 -1.606304 0.038922
0 8 5.214092 14.508221 -0.148176 -0.786158 0.948315
0 9 11.496301 6.923112 2.461486 -2.626992 0.383090
1
0
0 13.582169 13.582169 0
10
0 0 16.367840 4.649278 -3.199169 -0.072930 0.465586
0 1 15.526216 4.305522 0.677433 -1.449512 0.354617
0 2 7.985383 12.034578 3.543925 0.632924 0.145503
0 3 4.276668 2.098468 0.594584 0.535229 0.120442
0 4 12.649117 5.898277 -1.599686 0.031711 0.067240
0 5 19.171302 17.605953 -1.907822 -1.456096 0.943313
0 6 11.652263 14.877046 0.176781 -1.186907 0.239747
0 7 1.037267 7.275579 -1.600832 -2.297245 0.038922
0 8 5.378917 14.872683 -0.790614 -0.902734 0.948315
0 9 10.432616 6.367618 0.085125 -0.390837 0.383090
1
0
0 7.182673 7.182673 0
10
0 0 15.890831 7.001396 -2.521246 -1.217917 0.465586
0 1 14.912618 3.792202 -1.068292 -1.690785 0.354617
0 2 10.185980 12.992374 -1.971901 -3.480173 0.145503
0 3 2.062707 4.937195 1.859533 2.093355 0.120442
0 4 11.717722 9.788329 -1.342320 -1.989517 0.067240
0 5 18.083358 16.432762 -2.395020 -0.154534 0.943313
0 6 11.768391 16.071414 2.790752 0.227379 0.239747
0 7 2.228816 5.669275 0.793561 0.900145 0.038922
0 8 5.230741 14.086525 3.058885 1.898215 0.948315
0 9 12.894102 3.740626 1.979434 1.357145 0.383090
