10
0 3.956873 60.661917 7.170740 -4.374985 0.497545
1 18.466112 56.843330 1.092663 0.496073 0.067119
2 33.064496 85.471559 4.142548 -2.424725 0.722993
3 51.476635 66.411538 5.940960 0.839639 0.823350
4 69.087524 3.659041 9.265921 -2.510519 0.322636
5 52.507888 40.735779 8.291772 1.344070 0.088369
6 66.956778 69.248859 -2.124603 -1.116272 0.468977
7 50.260786 14.075982 0.974995 0.699560 0.186141
8 27.811916 74.509317 -0.727211 -0.954549 0.749030
9 71.760561 60.513621 -2.510156 6.748268 0.157988
5
1
0
0 17.755700 17.755700 0
10
0 0 3.956873 60.661917 0.293838 1.163469 0.497545
0 1 18.466112 56.843330 2.314418 -0.635193 0.067119
0 2 33.064496 85.471559 -0.700271 0.974485 0.722993
0 3 51.476635 66.411538 4.717550 11.033799 0.823350
0 4 69.087524 3.659041 -0.697678 0.976343 0.322636
0 5 52.507888 40.735779 -9.022896 -3.278314 0.088369
0 6 66.956778 69.248859 11.410064 -3.716239 0.468977
0 7 50.260786 14.075982 2.084211 5.626372 0.186141
0 8 27.811916 74.509317 -4.253031 2.225247 0.749030
0 9 71.760561 60.513621 -0.239105 -1.175937 0.157988
1
0
0 17.481966 17.481966 0
10
0 0 11.127613 56.286932 -1.795303 1.592760 0.497545
0 1 19.558774 57.339403 -5.212838 9.458664 0.067119
0 2 37.207045 83.046833 -4.361780 -9.880024 0.722993
0 3 57.417595 67.251177 -11.855835 1.854500 0.823350
0 4 78.353446 1.148522 -1.880939 1.490661 0.322636
0 5 60.799659 42.079849 0.988706 -3.461569 0.088369
0 6 64.832176 68.132587 5.720750 -6.150855 0.468977
0 7 51.235782 14.775542 -1.816336 3.108203 0.186141
0 8 27.084705 73.554768 -4.341494 -5.743817 0.749030
0 9 69.250405 67.261889 1.034026 0.608925 0.157988
1
0
0 18.809664 18.809664 0
10
0 0 11.421451 57.450401 -8.526595 4.411028 0.497545
0 1 21.873192 56.704210 0.007253 -4.799995 0.067119
0 2 36.506774 84.021318 7.058930 1.418277 0.722993
0 3 62.135145 78.284976 8.601684 4.262749 0.823350
0 4 77.655768 2.124865 -11.710741 -2.618884 0.322636
0 5 51.776763 38.801535 5.319500 4.852105 0.088369
0 6 76.242240 64.416349 0.491875 -11.989915 0.468977
0 7 53.319993 20.401914 -0.898951 -5.932275 0.186141
0 8 22.831674 75.780015 1.184100 -0.194698 0.749030
0 9 69.011300 66.085952 1.679522 1.714411 0.157988
1
0
0 17.593867 17.593867 0
10
0 0 9.626148 59.043161 8.722331 8.241416 0.497545
0 1 16.660354 66.162874 -7.195331 -0.259239 0.067119
0 2 32.144994 74.141294 -7.017676 6.550742 0.722993
0 3 50.279309 80.139476 2.630776 5.392496 0.823350
0 4 75.774829 3.615526 5.926312 5.953052 0.322636
0 5 52.765469 35.339966 -0.358706 1.145133 0.088369
0 6 81.962990 58.265494 -11.749407 2.439557 0.468977
0 7 51.503657 23.510117 -0.406752 9.591379 0.186141
0 8 18.490180 70.036199 -11.787449 2.248566 0.749030
0 9 70.045326 66.694877 0.536341 -11.988008 0.157988
1
0
0 15.360950 15.360950 0
10
0 0 1.099552 63.454190 3.226331 1.597120 0.497545
0 1 16.667607 61.362879 -1.090628 11.950336 0.067119
0 2 39.203924 75.559570 -4.790248 0.305811 0.722993
0 3 58.880993 84.402225 0.147386 1.190915 0.823350
0 4 64.064089 0.996642 -3.285996 -1.470453 0.322636
0 5 58.084969 40.192071 -3.592308 -0.235202 0.088369
0 6 82.454865 46.275579 -2.228543 -2.827295 0.468977
0 7 50.604706 17.577842 -4.495638 -1.682034 0.186141
0 8 19.674280 69.841501 7.576672 7.696366 0.749030
0 9 71.724848 68.409288 0.339104 -7.192010 0.157988
